5.581019973754882812e+01 8.516974449157714844e+00 3.342127990722656250e+01 9.999524354934692383e-01
5.524375152587890625e+01 1.092647266387939453e+01 4.077618408203125000e+01 9.999512434005737305e-01
6.233381652832031250e+01 7.001471519470214844e+00 2.058670234680175781e+01 9.999294281005859375e-01
5.581019592285156250e+01 8.516979217529296875e+00 3.342129516601562500e+01 9.999520778656005859e-01
5.580971145629882812e+01 8.517309188842773438e+00 3.342182540893554688e+01 9.999530315399169922e-01
5.580961990356445312e+01 8.517348289489746094e+00 3.342186355590820312e+01 9.999530315399169922e-01
5.580971908569335938e+01 8.517299652099609375e+00 3.342182922363281250e+01 9.999520778656005859e-01
5.580984115600585938e+01 8.517253875732421875e+00 3.342179489135742188e+01 9.999541044235229492e-01
5.581058502197265625e+01 8.516914367675781250e+00 3.342130661010742188e+01 9.999538660049438477e-01
5.580958175659179688e+01 8.517378807067871094e+00 3.342192077636718750e+01 9.999529123306274414e-01
5.580973434448242188e+01 8.517270088195800781e+00 3.342176437377929688e+01 9.999530315399169922e-01
6.775997161865234375e+01 6.395331859588623047e+00 -3.353214740753173828e+00 9.999415874481201172e-01
5.581014251708984375e+01 8.517012596130371094e+00 3.342133712768554688e+01 9.999506473541259766e-01
5.580957794189453125e+01 8.517380714416503906e+00 3.342192077636718750e+01 9.999537467956542969e-01
6.492212677001953125e+01 8.230982780456542969e+00 1.330646991729736328e+01 9.999368190765380859e-01
5.580971145629882812e+01 8.517302513122558594e+00 3.342181396484375000e+01 9.999533891677856445e-01
6.776659393310546875e+01 6.494853019714355469e+00 1.185515642166137695e+00 9.999206066131591797e-01
5.582962036132812500e+01 8.504332542419433594e+00 3.340077972412109375e+01 9.999479055404663086e-01
5.634314346313476562e+01 -6.320692539215087891e+00 2.556145477294921875e+01 4.679420590400695801e-01
5.454007720947265625e+01 9.389088630676269531e+00 3.475865936279296875e+01 9.999517202377319336e-01
-4.176528930664062500e+00 1.728971672058105469e+01 -6.719873809814453125e+01 9.999644756317138672e-01
-9.588730812072753906e+00 1.734488105773925781e+01 -6.441570281982421875e+01 9.999624490737915039e-01
-1.952624130249023438e+01 1.988639640808105469e+01 -6.090351104736328125e+01 9.999387264251708984e-01
-4.177348613739013672e+00 1.728978157043457031e+01 -6.719879150390625000e+01 9.999647140502929688e-01
-9.822277069091796875e+00 1.733857154846191406e+01 -6.431519317626953125e+01 9.999623298645019531e-01
-9.823631286621093750e+00 1.733859252929687500e+01 -6.431475067138671875e+01 9.999622106552124023e-01
-9.813436508178710938e+00 1.733451271057128906e+01 -6.431970214843750000e+01 9.999624490737915039e-01
-4.173066139221191406e+00 1.728952026367187500e+01 -6.719892883300781250e+01 9.999647140502929688e-01
-9.833663940429687500e+00 1.733861923217773438e+01 -6.431081390380859375e+01 9.999622106552124023e-01
-9.823702812194824219e+00 1.733859062194824219e+01 -6.431470489501953125e+01 9.999620914459228516e-01
-9.814099311828613281e+00 1.733449935913085938e+01 -6.431940460205078125e+01 9.999624490737915039e-01
-9.842455863952636719e+00 1.733650016784667969e+01 -6.429756164550781250e+01 9.999622106552124023e-01
-4.140139102935791016e+00 1.728752326965332031e+01 -6.719787597656250000e+01 9.999650716781616211e-01
-9.823725700378417969e+00 1.733859443664550781e+01 -6.431468200683593750e+01 9.999622106552124023e-01
-9.823725700378417969e+00 1.733859443664550781e+01 -6.431468200683593750e+01 9.999622106552124023e-01
-4.140458583831787109e+00 1.728755187988281250e+01 -6.719786834716796875e+01 9.999650716781616211e-01
-9.823723793029785156e+00 1.733859443664550781e+01 -6.431468200683593750e+01 9.999620914459228516e-01
-4.173081874847412109e+00 1.728952598571777344e+01 -6.719892883300781250e+01 9.999647140502929688e-01
-9.823750495910644531e+00 1.733860015869140625e+01 -6.431468200683593750e+01 9.999622106552124023e-01
-4.154672622680664062e+00 1.728843688964843750e+01 -6.719963073730468750e+01 9.999650716781616211e-01
-4.424396133422851562e+01 2.822174072265625000e+01 -3.940468597412109375e+01 9.999475479125976562e-01
-4.424395751953125000e+01 2.822173690795898438e+01 -3.940468597412109375e+01 9.999487400054931641e-01
-4.980028915405273438e+01 2.744763374328613281e+01 -3.524330902099609375e+01 9.999480247497558594e-01
-5.584949493408203125e+01 2.696446037292480469e+01 -2.402636718750000000e+01 9.995597004890441895e-01
-4.980033493041992188e+01 2.744762420654296875e+01 -3.524325180053710938e+01 9.999481439590454102e-01
-4.846873474121093750e+01 2.810082435607910156e+01 -3.749934387207031250e+01 9.999506473541259766e-01
-4.424374389648437500e+01 2.822165679931640625e+01 -3.940441131591796875e+01 9.999473094940185547e-01
-4.424399566650390625e+01 2.822175025939941406e+01 -3.940465545654296875e+01 9.999474287033081055e-01
-4.980066299438476562e+01 2.744755744934082031e+01 -3.524303436279296875e+01 9.999489784240722656e-01
-4.424399566650390625e+01 2.822175025939941406e+01 -3.940465545654296875e+01 9.999474287033081055e-01
-4.424397277832031250e+01 2.822174453735351562e+01 -3.940468978881835938e+01 9.999493360519409180e-01
-4.424396514892578125e+01 2.822174453735351562e+01 -3.940468215942382812e+01 9.999485015869140625e-01
-4.424403381347656250e+01 2.822174072265625000e+01 -3.940462875366210938e+01 9.999479055404663086e-01
-4.980064010620117188e+01 2.744752120971679688e+01 -3.524298477172851562e+01 9.999479055404663086e-01
-4.979940414428710938e+01 2.744744491577148438e+01 -3.524275970458984375e+01 9.999490976333618164e-01
-4.793270111083984375e+01 2.854520797729492188e+01 -4.212018203735351562e+01 9.999511241912841797e-01
-4.818309402465820312e+01 2.855482864379882812e+01 -4.186530685424804688e+01 9.999506473541259766e-01
-4.980029678344726562e+01 2.744763755798339844e+01 -3.524328231811523438e+01 9.999485015869140625e-01
-4.980019760131835938e+01 2.744767761230468750e+01 -3.524342727661132812e+01 9.999477863311767578e-01
-4.842527008056640625e+01 2.820520019531250000e+01 -3.792547988891601562e+01 9.999505281448364258e-01
6.625636291503906250e+01 5.662847042083740234e+00 -1.345058059692382812e+01 9.999495744705200195e-01
6.384151458740234375e+01 4.413596153259277344e+00 -1.562934875488281250e+01 9.999310970306396484e-01
6.451916503906250000e+01 5.004222393035888672e+00 -1.502894496917724609e+01 9.999525547027587891e-01
6.401213836669921875e+01 4.584358692169189453e+00 -1.548800086975097656e+01 9.999539852142333984e-01
6.918122863769531250e+01 4.581659793853759766e+00 -1.016134834289550781e+01 9.999529123306274414e-01
6.354978942871093750e+01 4.271585464477539062e+00 -1.579163646697998047e+01 1.170253474265336990e-02
6.385236740112304688e+01 4.420431613922119141e+00 -1.561762905120849609e+01 9.999328851699829102e-01
6.551366424560546875e+01 5.544500827789306641e+00 -1.407234954833984375e+01 9.999465942382812500e-01
5.271890640258789062e+01 -6.746078491210937500e+00 -3.616627883911132812e+01 2.184033244848251343e-01
6.163131713867187500e+01 3.677594065666198730e-01 -1.647198867797851562e+01 9.999228715896606445e-01
6.486008453369140625e+01 5.212067604064941406e+00 -1.472543907165527344e+01 9.999516010284423828e-01
6.163132095336914062e+01 3.677727878093719482e-01 -1.647198486328125000e+01 9.999359846115112305e-01
6.401924896240234375e+01 4.591248035430908203e+00 -1.547772407531738281e+01 9.999539852142333984e-01
6.151570129394531250e+01 1.349916011095046997e-01 -1.636520957946777344e+01 4.546606540679931641e-01
6.401940155029296875e+01 4.591308593750000000e+00 -1.547715187072753906e+01 9.999536275863647461e-01
6.413661193847656250e+01 4.686802387237548828e+00 -1.539742183685302734e+01 9.999513626098632812e-01
6.156315612792968750e+01 2.981287539005279541e-01 -1.628472328186035156e+01 3.662608563899993896e-03
6.919495391845703125e+01 4.572118282318115234e+00 -1.014519309997558594e+01 9.999525547027587891e-01
6.474906158447265625e+01 5.144861698150634766e+00 -1.483019351959228516e+01 9.999525547027587891e-01
6.398647689819335938e+01 4.748550415039062500e+00 -1.541106986999511719e+01 8.134409785270690918e-03
-6.156669998168945312e+01 -1.367175769805908203e+01 -3.255046463012695312e+01 9.998558759689331055e-01
-5.759046936035156250e+01 -1.362803936004638672e+01 -3.407870483398437500e+01 9.998471736907958984e-01
-5.759047698974609375e+01 -1.362804222106933594e+01 -3.407870483398437500e+01 9.998430013656616211e-01
-6.153804779052734375e+01 -1.367260646820068359e+01 -3.257116699218750000e+01 9.998576641082763672e-01
-5.779484176635742188e+01 -1.361749172210693359e+01 -3.401079177856445312e+01 9.998550415039062500e-01
-5.759046554565429688e+01 -1.362804317474365234e+01 -3.407870483398437500e+01 9.998468160629272461e-01
-5.759046554565429688e+01 -1.362804222106933594e+01 -3.407870483398437500e+01 9.998391866683959961e-01
-5.759046554565429688e+01 -1.362804508209228516e+01 -3.407870483398437500e+01 9.998524188995361328e-01
-6.156103134155273438e+01 -1.367215061187744141e+01 -3.255483245849609375e+01 9.998558759689331055e-01
-5.759047698974609375e+01 -1.362804031372070312e+01 -3.407870483398437500e+01 9.998407363891601562e-01
-5.759046554565429688e+01 -1.362804031372070312e+01 -3.407870483398437500e+01 9.998451471328735352e-01
-5.759046554565429688e+01 -1.362804317474365234e+01 -3.407870483398437500e+01 9.998470544815063477e-01
-5.759043884277343750e+01 -1.362803936004638672e+01 -3.407873535156250000e+01 9.998495578765869141e-01
-6.153495788574218750e+01 -1.367266178131103516e+01 -3.257356262207031250e+01 9.998570680618286133e-01
-5.759046554565429688e+01 -1.362804889678955078e+01 -3.407870483398437500e+01 9.997994303703308105e-01
-5.759046936035156250e+01 -1.362804603576660156e+01 -3.407870483398437500e+01 9.998414516448974609e-01
-6.159928512573242188e+01 -1.366873741149902344e+01 -3.252242660522460938e+01 9.998548030853271484e-01
-6.153803634643554688e+01 -1.367260742187500000e+01 -3.257116699218750000e+01 9.998577833175659180e-01
-6.153683471679687500e+01 -1.367271423339843750e+01 -3.257209396362304688e+01 9.998569488525390625e-01
-5.759046173095703125e+01 -1.362804317474365234e+01 -3.407870483398437500e+01 9.998430013656616211e-01
-6.288808822631835938e+01 3.355721664428710938e+01 8.689557075500488281e+00 9.999500513076782227e-01
-5.855036926269531250e+01 3.132947540283203125e+01 1.375851154327392578e+01 9.999436140060424805e-01
-6.288632202148437500e+01 3.355985641479492188e+01 8.690334320068359375e+00 9.999500513076782227e-01
-5.641250610351562500e+01 3.142357254028320312e+01 7.322043418884277344e+00 9.999351501464843750e-01
-5.746681594848632812e+01 2.652404022216796875e+01 2.174600410461425781e+01 9.999108314514160156e-01
-6.288646697998046875e+01 3.355962371826171875e+01 8.690138816833496094e+00 9.999507665634155273e-01
-5.110684967041015625e+01 3.247604751586914062e+01 2.992892265319824219e+01 9.999120235443115234e-01
-6.288647460937500000e+01 3.355964279174804688e+01 8.690127372741699219e+00 9.999514818191528320e-01
-5.881901550292968750e+01 2.513020133972167969e+01 1.323555850982666016e+01 9.999349117279052734e-01
-6.288643264770507812e+01 3.355968093872070312e+01 8.690167427062988281e+00 9.999498128890991211e-01
-6.288648605346679688e+01 3.355963897705078125e+01 8.690125465393066406e+00 9.999511241912841797e-01
-6.288645553588867188e+01 3.355965423583984375e+01 8.690142631530761719e+00 9.999505281448364258e-01
-5.641159820556640625e+01 3.140915489196777344e+01 7.340890884399414062e+00 9.999346733093261719e-01
-5.640721511840820312e+01 3.137042999267578125e+01 7.370166301727294922e+00 9.999339580535888672e-01
-5.641154098510742188e+01 3.141045570373535156e+01 7.338366985321044922e+00 9.999345541000366211e-01
-5.641157913208007812e+01 3.140921783447265625e+01 7.340868473052978516e+00 9.999357461929321289e-01
-6.288647842407226562e+01 3.355961227416992188e+01 8.690137863159179688e+00 9.999501705169677734e-01
-6.288647460937500000e+01 3.355963516235351562e+01 8.690130233764648438e+00 9.999510049819946289e-01
-6.288811111450195312e+01 3.355717849731445312e+01 8.689535140991210938e+00 9.999489784240722656e-01
-6.288798522949218750e+01 3.355729675292968750e+01 8.689733505249023438e+00 9.999513626098632812e-01
-5.854877090454101562e+01 3.131989479064941406e+01 1.375724220275878906e+01 9.999397993087768555e-01
-5.854472351074218750e+01 3.140076446533203125e+01 1.375766754150390625e+01 9.999393224716186523e-01
-4.350085830688476562e+01 3.174801826477050781e+01 4.322993469238281250e+01 9.999562501907348633e-01
-5.854896926879882812e+01 3.134749603271484375e+01 1.375698375701904297e+01 9.999414682388305664e-01
-6.278767776489257812e+01 3.370907211303710938e+01 8.778740882873535156e+00 9.999457597732543945e-01
-5.854792404174804688e+01 3.130427742004394531e+01 1.375618648529052734e+01 9.999399185180664062e-01
-3.971924591064453125e+01 3.112079811096191406e+01 4.716585540771484375e+01 9.999641180038452148e-01
-5.854795455932617188e+01 3.130379676818847656e+01 1.375616550445556641e+01 9.999409914016723633e-01
-4.006816864013671875e+01 3.121208381652832031e+01 4.688533401489257812e+01 9.999617338180541992e-01
-4.909828186035156250e+01 3.041360664367675781e+01 3.519282150268554688e+01 9.999510049819946289e-01
-5.854867553710937500e+01 3.131898689270019531e+01 1.375705623626708984e+01 9.999396800994873047e-01
-5.848487472534179688e+01 2.945460319519042969e+01 1.341182041168212891e+01 9.999364614486694336e-01
-5.855046081542968750e+01 3.132758522033691406e+01 1.375847911834716797e+01 9.999359846115112305e-01
-5.854854202270507812e+01 3.131849288940429688e+01 1.375865745544433594e+01 9.999412298202514648e-01
-5.847439193725585938e+01 2.939817428588867188e+01 1.340278148651123047e+01 9.999368190765380859e-01
-3.957159423828125000e+01 3.107993316650390625e+01 4.728063201904296875e+01 9.999686479568481445e-01
-5.848147201538085938e+01 2.943664741516113281e+01 1.340610980987548828e+01 9.999358654022216797e-01
-3.967481994628906250e+01 3.110955429077148438e+01 4.720472717285156250e+01 9.999650716781616211e-01
-3.965102767944335938e+01 3.110303115844726562e+01 4.722241592407226562e+01 9.999660253524780273e-01
-5.854873275756835938e+01 3.131960868835449219e+01 1.375720119476318359e+01 9.999376535415649414e-01
3.724151992797851562e+01 8.096545219421386719e+00 -5.535282897949218750e+01 9.999623298645019531e-01
1.141420245170593262e+00 1.678480911254882812e+01 -6.724219512939453125e+01 9.999626874923706055e-01
3.721076202392578125e+01 8.091955184936523438e+00 -5.536455917358398438e+01 9.999614953994750977e-01
2.505459594726562500e+01 9.748215675354003906e+00 -6.032355117797851562e+01 9.999570846557617188e-01
3.724151611328125000e+01 8.096543312072753906e+00 -5.535289001464843750e+01 9.999623298645019531e-01
1.144113183021545410e+00 1.678444862365722656e+01 -6.724202728271484375e+01 9.999624490737915039e-01
-3.932243347167968750e+00 1.727273559570312500e+01 -6.719616699218750000e+01 9.999641180038452148e-01
-1.828875303268432617e+00 1.713112640380859375e+01 -6.724636840820312500e+01 9.999636411666870117e-01
3.722993087768554688e+01 8.095766067504882812e+00 -5.536086654663085938e+01 9.999616146087646484e-01
3.720748519897460938e+01 8.091794013977050781e+00 -5.536721038818359375e+01 9.999612569808959961e-01
2.577930259704589844e+01 -8.536796569824218750e+00 -5.900857162475585938e+01 3.018587529659271240e-01
-2.617566108703613281e+00 1.719488525390625000e+01 -6.723694610595703125e+01 9.999641180038452148e-01
3.719913482666015625e+01 8.090867996215820312e+00 -5.536949157714843750e+01 9.999587535858154297e-01
3.701546859741210938e+01 8.079137802124023438e+00 -5.541314315795898438e+01 9.999556541442871094e-01
3.720628356933593750e+01 8.091653823852539062e+00 -5.536776733398437500e+01 9.999601840972900391e-01
1.336964511871337891e+01 1.321903133392333984e+01 -6.455907440185546875e+01 9.999159574508666992e-01
3.720065689086914062e+01 8.090991020202636719e+00 -5.536972427368164062e+01 9.999593496322631836e-01
1.145064949989318848e+00 1.678511619567871094e+01 -6.724381256103515625e+01 9.999618530273437500e-01
1.064800262451171875e+00 1.679428672790527344e+01 -6.723693847656250000e+01 9.999636411666870117e-01
-3.579348087310791016e+00 1.724832725524902344e+01 -6.720101165771484375e+01 9.999637603759765625e-01
5.765248107910156250e+01 -3.455007171630859375e+01 -6.597669124603271484e+00 9.976131916046142578e-01
5.756118011474609375e+01 -3.497775268554687500e+01 -6.487613677978515625e+00 9.976795315742492676e-01
5.797885131835937500e+01 -3.280123138427734375e+01 -7.845076560974121094e+00 9.978305697441101074e-01
5.684541320800781250e+01 -3.792433166503906250e+01 -7.641127109527587891e+00 9.978467226028442383e-01
5.403452682495117188e+01 -3.780265808105468750e+01 2.096776771545410156e+01 9.983110427856445312e-01
5.617378234863281250e+01 -3.020096206665039062e+01 1.850356864929199219e+01 7.521632909774780273e-01
5.798117828369140625e+01 -3.280123138427734375e+01 -7.846126079559326172e+00 9.978219270706176758e-01
5.193628311157226562e+01 -3.596317291259765625e+01 2.916064071655273438e+01 9.995013475418090820e-01
5.809490966796875000e+01 -3.251522445678710938e+01 -8.279984474182128906e+00 9.972916245460510254e-01
5.761231613159179688e+01 -3.473900604248046875e+01 -6.511114120483398438e+00 9.980348944664001465e-01
5.193058776855468750e+01 -3.596380615234375000e+01 2.914864540100097656e+01 9.994699358940124512e-01
5.820820999145507812e+01 -3.226460266113281250e+01 -8.697733879089355469e+00 9.973973035812377930e-01
5.759050750732421875e+01 -3.488010787963867188e+01 -6.490901947021484375e+00 9.981062412261962891e-01
5.761482238769531250e+01 -3.473313903808593750e+01 -6.509429931640625000e+00 9.979776740074157715e-01
5.589741134643554688e+01 -3.832908248901367188e+01 9.155408859252929688e+00 9.991143345832824707e-01
5.193634796142578125e+01 -3.596310424804687500e+01 2.916096115112304688e+01 9.994699358940124512e-01
5.876163101196289062e+01 -3.211783218383789062e+01 -9.466888427734375000e+00 9.975728392601013184e-01
4.631515121459960938e+01 -3.412791442871093750e+01 3.378255844116210938e+01 9.987228512763977051e-01
5.684222793579101562e+01 -3.790922164916992188e+01 -7.564836025238037109e+00 9.981139898300170898e-01
5.791092681884765625e+01 -3.302677917480468750e+01 -7.633291244506835938e+00 9.978952407836914062e-01
5.020286178588867188e+01 1.097083187103271484e+01 3.687230682373046875e+01 9.999510049819946289e-01
5.020277786254882812e+01 1.097082805633544922e+01 3.687231445312500000e+01 9.999508857727050781e-01
5.524201583862304688e+01 1.092813396453857422e+01 4.078193664550781250e+01 9.999552965164184570e-01
5.020349884033203125e+01 1.097061443328857422e+01 3.687189102172851562e+01 9.999510049819946289e-01
5.087723922729492188e+01 1.298857975006103516e+01 4.307667541503906250e+01 9.999498128890991211e-01
5.020338439941406250e+01 1.097345066070556641e+01 3.687260437011718750e+01 9.999501705169677734e-01
5.020283126831054688e+01 1.097082138061523438e+01 3.687229537963867188e+01 9.999500513076782227e-01
5.381721878051757812e+01 1.180780601501464844e+01 4.201738357543945312e+01 9.999483823776245117e-01
5.087593460083007812e+01 1.298890304565429688e+01 4.307686996459960938e+01 9.999498128890991211e-01
5.524167251586914062e+01 1.092803859710693359e+01 4.078228378295898438e+01 9.999547004699707031e-01
5.524195098876953125e+01 1.092817401885986328e+01 4.078197860717773438e+01 9.999555349349975586e-01
5.524016952514648438e+01 1.092922782897949219e+01 4.078543472290039062e+01 9.999537467956542969e-01
5.020368194580078125e+01 1.097338962554931641e+01 3.687245559692382812e+01 9.999489784240722656e-01
5.524212265014648438e+01 1.092808246612548828e+01 4.078189849853515625e+01 9.999550580978393555e-01
5.442627334594726562e+01 9.336293220520019531e+00 3.459889984130859375e+01 9.999531507492065430e-01
5.076676940917968750e+01 1.073504257202148438e+01 3.643339920043945312e+01 9.999529123306274414e-01
5.089558410644531250e+01 1.298233318328857422e+01 4.306343460083007812e+01 9.999501705169677734e-01
5.020330047607421875e+01 1.097068595886230469e+01 3.687204360961914062e+01 9.999517202377319336e-01
5.173073959350585938e+01 1.271307945251464844e+01 4.272790908813476562e+01 9.999504089355468750e-01
5.576835250854492188e+01 8.560643196105957031e+00 3.348660659790039062e+01 9.999541044235229492e-01
5.275215148925781250e+01 -3.778691101074218750e+01 -1.376630115509033203e+01 9.980167150497436523e-01
5.682662582397460938e+01 -3.799640274047851562e+01 -7.721867084503173828e+00 9.986547231674194336e-01
5.275226211547851562e+01 -3.778683853149414062e+01 -1.376607322692871094e+01 9.982460737228393555e-01
5.905914688110351562e+01 -3.212131500244140625e+01 -9.879154205322265625e+00 9.981878399848937988e-01
5.896272277832031250e+01 -3.851807022094726562e+01 -1.480506420135498047e+01 9.992177486419677734e-01
4.001690673828125000e+01 -4.003657341003417969e+00 4.774750518798828125e+01 2.674672305583953857e-01
5.861749267578125000e+01 -3.878347778320312500e+01 -1.558998394012451172e+01 9.994785189628601074e-01
5.275054550170898438e+01 -3.778448867797851562e+01 -1.376487350463867188e+01 9.980741739273071289e-01
5.929217910766601562e+01 -3.816155624389648438e+01 -1.396546077728271484e+01 9.992571473121643066e-01
5.972047042846679688e+01 -3.734939956665039062e+01 -1.254944610595703125e+01 9.988256096839904785e-01
5.802575302124023438e+01 -3.265396881103515625e+01 -8.047051429748535156e+00 9.980416297912597656e-01
5.974224853515625000e+01 -3.727946472167968750e+01 -1.241722011566162109e+01 9.988816380500793457e-01
5.275242233276367188e+01 -3.781170272827148438e+01 -1.377392005920410156e+01 9.982600808143615723e-01
5.864890289306640625e+01 -3.875559997558593750e+01 -1.552324867248535156e+01 9.994365572929382324e-01
5.943904876708984375e+01 -3.793616867065429688e+01 -1.347183132171630859e+01 9.991959929466247559e-01
5.275202178955078125e+01 -3.778717041015625000e+01 -1.376695251464843750e+01 9.978116154670715332e-01
5.916142272949218750e+01 -3.834284210205078125e+01 -1.430884456634521484e+01 9.993463158607482910e-01
5.274983215332031250e+01 -3.784545516967773438e+01 -1.378293704986572266e+01 9.984221458435058594e-01
5.868869400024414062e+01 -3.872982788085937500e+01 -1.542753219604492188e+01 9.994578957557678223e-01
5.274935531616210938e+01 -3.784375381469726562e+01 -1.378426551818847656e+01 9.985093474388122559e-01
1.517283821105957031e+01 1.887513160705566406e+01 6.144829940795898438e+01 9.999620914459228516e-01
1.512916946411132812e+01 1.889612960815429688e+01 6.146032714843750000e+01 9.999623298645019531e-01
4.826155090332031250e+01 1.359281539916992188e+01 4.481064987182617188e+01 9.999463558197021484e-01
4.462799835205078125e+01 1.370771694183349609e+01 4.715181350708007812e+01 9.999366998672485352e-01
1.619807243347167969e+01 1.843762016296386719e+01 6.113500976562500000e+01 9.999616146087646484e-01
4.782168197631835938e+01 1.364904785156250000e+01 4.516733169555664062e+01 9.999455213546752930e-01
1.927546501159667969e+01 1.727567481994628906e+01 6.037682342529296875e+01 9.999608993530273438e-01
5.043787765502929688e+01 1.312125396728515625e+01 4.328778839111328125e+01 9.999498128890991211e-01
1.517617416381835938e+01 1.887376213073730469e+01 6.144676971435546875e+01 9.999622106552124023e-01
1.508552360534667969e+01 1.891621017456054688e+01 6.147448730468750000e+01 9.999638795852661133e-01
3.617449188232421875e+01 1.622858238220214844e+01 5.289387893676757812e+01 9.999438524246215820e-01
4.932775115966796875e+01 1.338070487976074219e+01 4.395478057861328125e+01 9.999483823776245117e-01
2.230719375610351562e+01 1.635497474670410156e+01 5.927285766601562500e+01 9.999575614929199219e-01
1.510403728485107422e+01 1.890889930725097656e+01 6.146950531005859375e+01 9.999630451202392578e-01
2.890584564208984375e+01 1.656911277770996094e+01 5.643878936767578125e+01 9.999524354934692383e-01
4.994532394409179688e+01 1.323009204864501953e+01 4.354406738281250000e+01 9.999489784240722656e-01
5.010444641113281250e+01 1.320090675354003906e+01 4.343930816650390625e+01 9.999494552612304688e-01
4.907155990600585938e+01 1.344348621368408203e+01 4.416324615478515625e+01 9.999479055404663086e-01
5.058678054809570312e+01 1.307266521453857422e+01 4.320233154296875000e+01 9.999500513076782227e-01
1.511307716369628906e+01 1.890530776977539062e+01 6.146644973754882812e+01 9.999626874923706055e-01
4.542330169677734375e+01 -3.204682159423828125e+01 3.789896392822265625e+01 9.993529915809631348e-01
4.625304031372070312e+01 -3.406218719482421875e+01 3.388974380493164062e+01 9.992256164550781250e-01
4.542331695556640625e+01 -3.204689025878906250e+01 3.789882278442382812e+01 9.993452429771423340e-01
5.168730926513671875e+01 -3.416054916381835938e+01 3.486692810058593750e+01 9.995777010917663574e-01
5.168678665161132812e+01 -3.415988159179687500e+01 3.486816787719726562e+01 9.995741248130798340e-01
4.630529022216796875e+01 -3.412158966064453125e+01 3.379827117919921875e+01 9.992341995239257812e-01
4.631522750854492188e+01 -3.412796020507812500e+01 3.378276062011718750e+01 9.992208480834960938e-01
4.467137908935546875e+01 -2.455297279357910156e+01 4.275350952148437500e+01 9.976619482040405273e-01
5.168921279907226562e+01 -3.416780090332031250e+01 3.485791778564453125e+01 9.995834231376647949e-01
4.542329025268554688e+01 -3.204682540893554688e+01 3.789893722534179688e+01 9.993358254432678223e-01
5.168679046630859375e+01 -3.415987777709960938e+01 3.486816787719726562e+01 9.995787739753723145e-01
-1.095562338829040527e+00 -7.048886418342590332e-01 6.428527832031250000e+01 3.510268628597259521e-01
5.168821334838867188e+01 -3.416820526123046875e+01 3.485910797119140625e+01 9.995835423469543457e-01
5.176065826416015625e+01 -3.431756973266601562e+01 3.451060485839843750e+01 9.996007084846496582e-01
4.631184768676757812e+01 -3.412631225585937500e+01 3.378788757324218750e+01 9.992237091064453125e-01
5.188583374023437500e+01 -3.591977310180664062e+01 2.937746047973632812e+01 9.996106028556823730e-01
4.541905975341796875e+01 -3.202363586425781250e+01 3.791423034667968750e+01 9.993464350700378418e-01
5.176061630249023438e+01 -3.431755828857421875e+01 3.451062393188476562e+01 9.996002316474914551e-01
4.542328643798828125e+01 -3.204687500000000000e+01 3.789888000488281250e+01 9.993520379066467285e-01
5.183060073852539062e+01 -3.462588500976562500e+01 3.386167907714843750e+01 9.996033310890197754e-01
6.779164123535156250e+01 6.374052047729492188e+00 -3.473190784454345703e+00 9.999474287033081055e-01
6.778177642822265625e+01 6.381209850311279297e+00 -3.424942731857299805e+00 9.999437332153320312e-01
6.778359222412109375e+01 6.380122661590576172e+00 -3.428188800811767578e+00 9.999470710754394531e-01
6.778186035156250000e+01 6.381143569946289062e+00 -3.425255298614501953e+00 9.999479055404663086e-01
6.919251251220703125e+01 4.575298309326171875e+00 -1.014575386047363281e+01 9.999545812606811523e-01
6.778907012939453125e+01 6.376036643981933594e+00 -3.460191249847412109e+00 9.999469518661499023e-01
6.778894042968750000e+01 6.376158714294433594e+00 -3.459346532821655273e+00 9.999462366104125977e-01
6.778183746337890625e+01 6.381167411804199219e+00 -3.425301790237426758e+00 9.999486207962036133e-01
6.778907012939453125e+01 6.376007080078125000e+00 -3.460358381271362305e+00 9.999457597732543945e-01
6.778131866455078125e+01 6.381599426269531250e+00 -3.421675682067871094e+00 9.999479055404663086e-01
6.365052413940429688e+01 -4.433609008789062500e+00 8.344725966453552246e-01 9.800878167152404785e-01
6.919493103027343750e+01 4.572119712829589844e+00 -1.014520645141601562e+01 9.999597072601318359e-01
6.778364562988281250e+01 6.380116939544677734e+00 -3.428030729293823242e+00 9.999474287033081055e-01
6.778182983398437500e+01 6.381251335144042969e+00 -3.424564123153686523e+00 9.999442100524902344e-01
6.221965026855468750e+01 6.882419586181640625e+00 -9.560466766357421875e+00 9.999508857727050781e-01
6.919496917724609375e+01 4.572106838226318359e+00 -1.014519882202148438e+01 9.999600648880004883e-01
6.919496154785156250e+01 4.572102546691894531e+00 -1.014519596099853516e+01 9.999599456787109375e-01
6.778179168701171875e+01 6.381253719329833984e+00 -3.424623727798461914e+00 9.999476671218872070e-01
6.778131103515625000e+01 6.381598472595214844e+00 -3.421666383743286133e+00 9.999467134475708008e-01
6.778310394287109375e+01 6.381861686706542969e+00 -3.418106794357299805e+00 9.999482631683349609e-01
-3.962644195556640625e+01 3.109620475769042969e+01 4.723943328857421875e+01 9.999670982360839844e-01
-3.959295272827148438e+01 3.108625793457031250e+01 4.726481246948242188e+01 9.999680519104003906e-01
-3.501038360595703125e+01 2.944062042236328125e+01 5.001055526733398438e+01 9.999696016311645508e-01
-3.960575485229492188e+01 3.108966445922851562e+01 4.725514984130859375e+01 9.999676942825317383e-01
-3.952482223510742188e+01 3.106654548645019531e+01 4.731966781616210938e+01 9.999688863754272461e-01
-3.283487319946289062e+01 2.845344734191894531e+01 5.107747650146484375e+01 9.999697208404541016e-01
-3.963030624389648438e+01 3.109728240966796875e+01 4.723661804199218750e+01 9.999668598175048828e-01
-3.952481079101562500e+01 3.106654357910156250e+01 4.731967926025390625e+01 9.999688863754272461e-01
-3.960575485229492188e+01 3.108965301513671875e+01 4.725519180297851562e+01 9.999675750732421875e-01
-3.744306564331054688e+01 3.037873840332031250e+01 4.870704650878906250e+01 9.999694824218750000e-01
-3.942746734619140625e+01 3.104209899902343750e+01 4.739437103271484375e+01 9.999692440032958984e-01
-3.932850646972656250e+01 3.101792907714843750e+01 4.746716308593750000e+01 9.999693632125854492e-01
-3.960574340820312500e+01 3.108965301513671875e+01 4.725525283813476562e+01 9.999678134918212891e-01
-3.121612930297851562e+01 1.043458652496337891e+01 5.662012863159179688e+01 4.645661711692810059e-01
-3.961904907226562500e+01 3.109436035156250000e+01 4.724481964111328125e+01 9.999672174453735352e-01
-3.744309997558593750e+01 3.037874412536621094e+01 4.870703125000000000e+01 9.999696016311645508e-01
-3.304501342773437500e+01 2.855661773681640625e+01 5.096400070190429688e+01 9.999696016311645508e-01
-3.244280242919921875e+01 2.824326324462890625e+01 5.129647827148437500e+01 9.999701976776123047e-01
-3.961936187744140625e+01 3.109442329406738281e+01 4.724460601806640625e+01 9.999672174453735352e-01
-3.245858764648437500e+01 2.825119209289550781e+01 5.128779220581054688e+01 9.999701976776123047e-01
4.072069168090820312e+01 -1.493090534210205078e+01 -4.487490844726562500e+01 3.442246317863464355e-01
2.312554931640625000e+01 -3.364084625244140625e+01 -5.631624221801757812e+01 9.999384880065917969e-01
2.521975517272949219e+01 -3.353533935546875000e+01 -5.544645690917968750e+01 9.999463558197021484e-01
2.567082405090332031e+01 -3.350468826293945312e+01 -5.523667907714843750e+01 9.999464750289916992e-01
-1.479767608642578125e+01 -2.307867622375488281e+01 -6.318929290771484375e+01 9.999083280563354492e-01
-1.119787120819091797e+01 -2.430478858947753906e+01 -6.332883071899414062e+01 9.998800754547119141e-01
2.800639533996582031e+01 -3.325567245483398438e+01 -5.403248214721679688e+01 9.999456405639648438e-01
2.774982643127441406e+01 -3.328774642944335938e+01 -5.418327713012695312e+01 9.999455213546752930e-01
2.743207931518554688e+01 -3.332895278930664062e+01 -5.434529495239257812e+01 9.999456405639648438e-01
2.540968322753906250e+01 -3.351851272583007812e+01 -5.536167144775390625e+01 9.999464750289916992e-01
2.489097785949707031e+01 -3.354129028320312500e+01 -5.559308624267578125e+01 9.999457597732543945e-01
1.713637351989746094e+01 -3.299383163452148438e+01 -5.835421752929687500e+01 9.999251365661621094e-01
2.608964347839355469e+01 -3.344792175292968750e+01 -5.504104232788085938e+01 9.999463558197021484e-01
2.406405067443847656e+01 -3.360034179687500000e+01 -5.595595550537109375e+01 9.999418258666992188e-01
1.678662300109863281e+00 -2.782492446899414062e+01 -6.195429229736328125e+01 9.983318448066711426e-01
2.800568389892578125e+01 -3.325571441650390625e+01 -5.403290939331054688e+01 9.999456405639648438e-01
1.582139110565185547e+01 -3.272914123535156250e+01 -5.871039962768554688e+01 9.998379945755004883e-01
-1.120931148529052734e+01 -2.430198669433593750e+01 -6.332864379882812500e+01 9.998925924301147461e-01
2.596607398986816406e+01 -3.347774505615234375e+01 -5.509842300415039062e+01 9.999463558197021484e-01
2.443768882751464844e+01 -3.358612823486328125e+01 -5.579815292358398438e+01 9.999437332153320312e-01
9.169928550720214844e+00 2.121706962585449219e+01 6.432346343994140625e+01 9.999674558639526367e-01
8.884023666381835938e+00 2.130263137817382812e+01 6.434055328369140625e+01 9.999675750732421875e-01
7.999393463134765625e+00 2.160552978515625000e+01 6.439101409912109375e+01 9.999681711196899414e-01
1.506953907012939453e+01 1.892258071899414062e+01 6.148059844970703125e+01 9.999645948410034180e-01
1.508164882659912109e+01 1.891775512695312500e+01 6.147603225708007812e+01 9.999642372131347656e-01
1.028455448150634766e+01 2.081793022155761719e+01 6.416578674316406250e+01 9.999669790267944336e-01
1.052349281311035156e+01 2.073955535888671875e+01 6.413076019287109375e+01 9.999663829803466797e-01
7.971092700958251953e+00 2.161502265930175781e+01 6.438729858398437500e+01 9.999681711196899414e-01
1.508151245117187500e+01 1.891781616210937500e+01 6.147604370117187500e+01 9.999642372131347656e-01
8.539357185363769531e+00 2.142378234863281250e+01 6.436687469482421875e+01 9.999679327011108398e-01
8.876684188842773438e+00 2.130518150329589844e+01 6.434548950195312500e+01 9.999675750732421875e-01
1.502086067199707031e+01 1.894263839721679688e+01 6.150009155273437500e+01 9.999653100967407227e-01
1.056443786621093750e+01 2.072433662414550781e+01 6.412104034423828125e+01 9.999669790267944336e-01
1.505707263946533203e+01 1.892756652832031250e+01 6.148505401611328125e+01 9.999647140502929688e-01
1.047317981719970703e+01 2.075841903686523438e+01 6.413605499267578125e+01 9.999667406082153320e-01
6.514365673065185547e+00 2.207409858703613281e+01 6.437411499023437500e+01 9.999687671661376953e-01
1.036256217956542969e+01 2.078912925720214844e+01 6.416398620605468750e+01 9.999669790267944336e-01
1.504658699035644531e+01 1.893168830871582031e+01 6.148764801025390625e+01 9.999649524688720703e-01
8.138527870178222656e+00 2.155965423583984375e+01 6.437266540527343750e+01 9.999680519104003906e-01
1.502131557464599609e+01 1.894247436523437500e+01 6.149991989135742188e+01 9.999651908874511719e-01
3.675716400146484375e+01 8.072569847106933594e+00 -5.155171203613281250e+01 9.999594688415527344e-01
4.111872100830078125e+01 8.464462280273437500e+00 -5.420389556884765625e+01 9.999642372131347656e-01
3.934917449951171875e+01 8.355180740356445312e+00 -5.482003784179687500e+01 9.999638795852661133e-01
3.675713729858398438e+01 8.072555541992187500e+00 -5.155170440673828125e+01 9.999592304229736328e-01
4.465274047851562500e+01 8.635730743408203125e+00 -5.154795074462890625e+01 9.999649524688720703e-01
4.187066650390625000e+01 8.530422210693359375e+00 -5.379271316528320312e+01 9.999653100967407227e-01
4.530887603759765625e+01 8.624456405639648438e+00 -5.092912673950195312e+01 9.999649524688720703e-01
4.588808822631835938e+01 8.604312896728515625e+00 -5.035590744018554688e+01 9.999648332595825195e-01
3.742239761352539062e+01 8.134069442749023438e+00 -5.530262756347656250e+01 9.999643564224243164e-01
4.187069320678710938e+01 8.530422210693359375e+00 -5.379269409179687500e+01 9.999653100967407227e-01
3.727535629272460938e+01 8.102186203002929688e+00 -5.534113693237304688e+01 9.999620914459228516e-01
3.675714111328125000e+01 8.072566986083984375e+00 -5.155172348022460938e+01 9.999591112136840820e-01
4.193615341186523438e+01 8.541473388671875000e+00 -5.375253295898437500e+01 9.999649524688720703e-01
4.599824905395507812e+01 8.599362373352050781e+00 -5.023722839355468750e+01 9.999649524688720703e-01
4.589810180664062500e+01 8.603657722473144531e+00 -5.034682464599609375e+01 9.999648332595825195e-01
4.187544631958007812e+01 8.530594825744628906e+00 -5.378986740112304688e+01 9.999651908874511719e-01
4.110989761352539062e+01 8.464003562927246094e+00 -5.420880508422851562e+01 9.999643564224243164e-01
3.675712966918945312e+01 8.072557449340820312e+00 -5.155171203613281250e+01 9.999598264694213867e-01
4.187069320678710938e+01 8.530422210693359375e+00 -5.379269409179687500e+01 9.999653100967407227e-01
4.187113952636718750e+01 8.530432701110839844e+00 -5.379240798950195312e+01 9.999650716781616211e-01
5.458588790893554688e+01 -3.893793487548828125e+01 -2.032110977172851562e+01 9.992832541465759277e-01
5.789325332641601562e+01 -3.912229537963867188e+01 -1.684372901916503906e+01 9.992715716361999512e-01
5.844226074218750000e+01 -3.887068176269531250e+01 -1.595754241943359375e+01 9.993628859519958496e-01
5.459049224853515625e+01 -3.893956756591796875e+01 -2.031575775146484375e+01 9.992749094963073730e-01
5.459012603759765625e+01 -3.893853759765625000e+01 -2.031731033325195312e+01 9.992350339889526367e-01
5.459042358398437500e+01 -3.893949508666992188e+01 -2.031606483459472656e+01 9.992509484291076660e-01
5.274876785278320312e+01 -3.783760070800781250e+01 -1.378312873840332031e+01 9.984896183013916016e-01
5.592875671386718750e+01 -2.996665763854980469e+01 -2.326556396484375000e+01 9.961647987365722656e-01
5.860358810424804688e+01 -3.879339981079101562e+01 -1.562824535369873047e+01 9.994508624076843262e-01
5.458607864379882812e+01 -3.893981552124023438e+01 -2.031899642944335938e+01 9.992196559906005859e-01
5.458605957031250000e+01 -3.893753433227539062e+01 -2.032274627685546875e+01 9.992438554763793945e-01
5.459037399291992188e+01 -3.893951797485351562e+01 -2.031609725952148438e+01 9.992295503616333008e-01
5.459011077880859375e+01 -3.893851089477539062e+01 -2.031737709045410156e+01 9.992190599441528320e-01
5.858199691772460938e+01 -3.881454467773437500e+01 -1.566512680053710938e+01 9.993795156478881836e-01
5.274876785278320312e+01 -3.783759689331054688e+01 -1.378311920166015625e+01 9.984765648841857910e-01
5.273653030395507812e+01 -3.824998855590820312e+01 -1.413809680938720703e+01 9.988448619842529297e-01
5.459057617187500000e+01 -3.893965148925781250e+01 -2.031561851501464844e+01 9.993334412574768066e-01
5.864560317993164062e+01 -3.876011657714843750e+01 -1.553599643707275391e+01 9.994820952415466309e-01
5.458653640747070312e+01 -3.893851852416992188e+01 -2.031998634338378906e+01 9.992805123329162598e-01
5.846362304687500000e+01 -3.886267852783203125e+01 -1.591646957397460938e+01 9.993669390678405762e-01
4.612062072753906250e+01 8.591823577880859375e+00 -5.012321472167968750e+01 9.999634027481079102e-01
5.476371002197265625e+01 6.699547290802001953e+00 -3.995121002197265625e+01 9.999178647994995117e-01
4.620268249511718750e+01 8.586440086364746094e+00 -5.005141067504882812e+01 9.999624490737915039e-01
6.163130950927734375e+01 3.677574396133422852e-01 -1.647197723388671875e+01 9.999437332153320312e-01
4.620217895507812500e+01 8.586483001708984375e+00 -5.005200576782226562e+01 9.999625682830810547e-01
6.385256195068359375e+01 4.420707702636718750e+00 -1.561745166778564453e+01 9.999494552612304688e-01
4.610596466064453125e+01 8.592887878417968750e+00 -5.013664627075195312e+01 9.999638795852661133e-01
4.747015380859375000e+01 8.489079475402832031e+00 -4.883291625976562500e+01 9.999517202377319336e-01
4.647372055053710938e+01 8.577562332153320312e+00 -4.979846572875976562e+01 9.999592304229736328e-01
4.617591094970703125e+01 8.584992408752441406e+00 -5.007510375976562500e+01 9.999630451202392578e-01
5.929424285888671875e+01 5.986651897430419922e+00 -3.020646095275878906e+01 9.999245405197143555e-01
4.666854095458984375e+01 8.567155838012695312e+00 -4.960181045532226562e+01 9.999577999114990234e-01
4.683880996704101562e+01 8.553256034851074219e+00 -4.944472122192382812e+01 9.999567270278930664e-01
4.660201263427734375e+01 8.568867683410644531e+00 -4.966589736938476562e+01 9.999580383300781250e-01
4.769013595581054688e+01 8.467090606689453125e+00 -4.862768936157226562e+01 9.999486207962036133e-01
6.355280685424804688e+01 4.086413383483886719e+00 -1.587403678894042969e+01 9.999504089355468750e-01
6.386545944213867188e+01 4.436643123626708984e+00 -1.560964107513427734e+01 9.999524354934692383e-01
4.636492538452148438e+01 8.583589553833007812e+00 -4.989772033691406250e+01 9.999599456787109375e-01
4.699296951293945312e+01 8.530288696289062500e+00 -4.928940582275390625e+01 9.999556541442871094e-01
4.632789230346679688e+01 8.586632728576660156e+00 -4.993547439575195312e+01 9.999604225158691406e-01
-6.948657989501953125e+01 -1.176419448852539062e+01 7.962291240692138672e+00 9.991438388824462891e-01
-6.894524383544921875e+01 -1.203215980529785156e+01 9.924969673156738281e+00 9.992025494575500488e-01
-7.186087799072265625e+01 -7.427858352661132812e+00 1.294698715209960938e+01 9.994071722030639648e-01
-7.184120178222656250e+01 -8.332728385925292969e+00 1.561244583129882812e+01 9.995074272155761719e-01
-6.864196777343750000e+01 -5.905339241027832031e+00 -4.498654603958129883e-01 9.978825449943542480e-01
-7.083313751220703125e+01 -6.702252864837646484e+00 9.500290870666503906e+00 9.991750121116638184e-01
-6.671352386474609375e+01 -5.340499877929687500e+00 9.917577743530273438e+00 9.987240433692932129e-01
-7.042241668701171875e+01 -6.632302761077880859e+00 8.933626174926757812e+00 9.990901947021484375e-01
-6.781571960449218750e+01 -1.124380588531494141e+01 -8.968941688537597656e+00 9.988484382629394531e-01
-7.137121582031250000e+01 -6.939491271972656250e+00 1.084813213348388672e+01 9.992755055427551270e-01
-6.982367706298828125e+01 -6.488002300262451172e+00 8.288589477539062500e+00 9.990487694740295410e-01
-6.980875396728515625e+01 -6.479042530059814453e+00 8.264415740966796875e+00 9.990123510360717773e-01
-6.696407318115234375e+01 -1.177945137023925781e+01 1.474496078491210938e+01 9.991212487220764160e-01
-6.959923553466796875e+01 -6.349878311157226562e+00 8.088788986206054688e+00 9.989659786224365234e-01
-6.438454437255859375e+01 -1.373399639129638672e+01 -2.686905288696289062e+01 9.997698664665222168e-01
-6.441281127929687500e+01 -6.155036449432373047e+00 -1.597906780242919922e+01 9.659852385520935059e-01
-6.944642639160156250e+01 -1.182913780212402344e+01 8.210802078247070312e+00 9.992470741271972656e-01
-6.696417236328125000e+01 -1.177950096130371094e+01 1.474468708038330078e+01 9.991849064826965332e-01
-6.696379852294921875e+01 -1.177911949157714844e+01 1.475467586517333984e+01 9.992038607597351074e-01
-7.184342193603515625e+01 -8.328792572021484375e+00 1.560606002807617188e+01 9.995127916336059570e-01
-6.055577278137207031e+00 -4.317540645599365234e+00 -6.541909027099609375e+01 3.485917448997497559e-01
-2.742786598205566406e+01 -2.187222862243652344e+01 -6.068873596191406250e+01 9.999290704727172852e-01
-2.940698623657226562e+01 -2.107156181335449219e+01 -5.977874374389648438e+01 9.998941421508789062e-01
-2.239674186706542969e+01 -2.223709106445312500e+01 -6.228841018676757812e+01 9.999221563339233398e-01
-5.759044647216796875e+01 -1.362804412841796875e+01 -3.407870101928710938e+01 9.998181462287902832e-01
-4.957290649414062500e+01 -6.974192619323730469e+00 -4.090914154052734375e+01 9.933852553367614746e-01
-1.792984390258789062e+01 -2.225591659545898438e+01 -6.296723556518554688e+01 9.999099969863891602e-01
-5.759044647216796875e+01 -1.362804222106933594e+01 -3.407870101928710938e+01 9.998151659965515137e-01
-2.897479248046875000e+01 -2.130679321289062500e+01 -5.999610519409179688e+01 9.999110698699951172e-01
-2.742789268493652344e+01 -2.187222671508789062e+01 -6.068873214721679688e+01 9.999291896820068359e-01
-2.067148590087890625e+01 -2.227033424377441406e+01 -6.261968612670898438e+01 9.999201297760009766e-01
-2.249731254577636719e+01 7.413574457168579102e-01 -6.086522293090820312e+01 4.316632151603698730e-01
-2.541963958740234375e+01 -2.218519401550292969e+01 -6.144815826416015625e+01 9.999260902404785156e-01
-2.040484619140625000e+01 -2.229509735107421875e+01 -6.266003036499023438e+01 9.999196529388427734e-01
-2.612360954284667969e+01 -2.211169624328613281e+01 -6.119564819335937500e+01 9.999287128448486328e-01
-5.012605285644531250e+01 -1.510725021362304688e+01 -4.176498794555664062e+01 9.996619224548339844e-01
-2.759729957580566406e+01 -2.180557250976562500e+01 -6.062079620361328125e+01 9.999279975891113281e-01
-5.759046554565429688e+01 -1.362804031372070312e+01 -3.407870483398437500e+01 9.998301267623901367e-01
-1.852224349975585938e+01 -2.215995025634765625e+01 -6.291057968139648438e+01 9.999126195907592773e-01
-4.092045593261718750e+01 -1.710507965087890625e+01 -5.120996093750000000e+01 9.983463287353515625e-01
-3.227259445190429688e+01 2.816741180419921875e+01 5.139693832397460938e+01 9.999693632125854492e-01
4.074818611145019531e+00 2.269778633117675781e+01 6.423068237304687500e+01 9.999676942825317383e-01
5.665964126586914062e+00 2.231232643127441406e+01 6.433778381347656250e+01 9.999690055847167969e-01
-3.238375473022460938e+01 2.820965385437011719e+01 5.133397674560546875e+01 9.999698400497436523e-01
-1.556434154510498047e+01 2.502960014343261719e+01 5.886739349365234375e+01 9.999529123306274414e-01
-3.231306838989257812e+01 2.818778419494628906e+01 5.137348937988281250e+01 9.999694824218750000e-01
4.389536857604980469e+00 2.262946891784667969e+01 6.425402832031250000e+01 9.999684095382690430e-01
-3.204064178466796875e+01 2.804469299316406250e+01 5.152922439575195312e+01 9.999686479568481445e-01
-3.216184234619140625e+01 2.811376571655273438e+01 5.145782852172851562e+01 9.999687671661376953e-01
-3.237803268432617188e+01 2.820636558532714844e+01 5.133732223510742188e+01 9.999698400497436523e-01
-3.237799453735351562e+01 2.820635223388671875e+01 5.133731842041015625e+01 9.999698400497436523e-01
-5.518558621406555176e-01 2.337074661254882812e+01 6.351943206787109375e+01 9.999611377716064453e-01
-3.237811279296875000e+01 2.820643043518066406e+01 5.133724594116210938e+01 9.999699592590332031e-01
-3.235113906860351562e+01 2.820343780517578125e+01 5.135233688354492188e+01 9.999697208404541016e-01
-3.237811279296875000e+01 2.820642852783203125e+01 5.133724975585937500e+01 9.999699592590332031e-01
-3.216193389892578125e+01 2.811379623413085938e+01 5.145780563354492188e+01 9.999690055847167969e-01
5.905179977416992188e+00 2.224679183959960938e+01 6.435614013671875000e+01 9.999692440032958984e-01
-2.766574668884277344e+01 2.540764427185058594e+01 5.429655456542968750e+01 9.999651908874511719e-01
5.704820632934570312e+00 2.230179214477539062e+01 6.433983612060546875e+01 9.999691247940063477e-01
-3.219225311279296875e+01 2.813005447387695312e+01 5.143574142456054688e+01 9.999692440032958984e-01
-6.697365570068359375e+01 -1.179915428161621094e+01 1.474973678588867188e+01 9.992308616638183594e-01
-6.796999359130859375e+01 -1.112319183349609375e+01 2.216253852844238281e+01 9.995305538177490234e-01
-6.697198486328125000e+01 -1.179663944244384766e+01 1.476180553436279297e+01 9.993637204170227051e-01
-7.180883026123046875e+01 -8.428021430969238281e+00 1.577710151672363281e+01 9.995948672294616699e-01
-6.671407318115234375e+01 -5.340635776519775391e+00 9.916769981384277344e+00 9.990168809890747070e-01
-6.671405029296875000e+01 -5.340620517730712891e+00 9.916690826416015625e+00 9.990058541297912598e-01
-6.588428497314453125e+01 -8.654251098632812500e+00 1.186360454559326172e+01 9.990278482437133789e-01
-6.697367095947265625e+01 -1.179915618896484375e+01 1.474960613250732422e+01 9.992555975914001465e-01
-6.697226715087890625e+01 -1.179676723480224609e+01 1.475932979583740234e+01 9.993719458580017090e-01
-7.180888366699218750e+01 -8.427982330322265625e+00 1.577694129943847656e+01 9.995899796485900879e-01
-6.797105407714843750e+01 -1.112345314025878906e+01 2.215961074829101562e+01 9.995325803756713867e-01
-6.696379089355468750e+01 -1.177916526794433594e+01 1.475511169433593750e+01 9.993441700935363770e-01
-6.697367858886718750e+01 -1.180202960968017578e+01 1.476011371612548828e+01 9.993577599525451660e-01
-7.180902862548828125e+01 -8.424955368041992188e+00 1.577553558349609375e+01 9.995794892311096191e-01
-7.180883026123046875e+01 -8.428013801574707031e+00 1.577707386016845703e+01 9.995908141136169434e-01
-6.587542724609375000e+01 -8.726925849914550781e+00 1.192356586456298828e+01 9.990403056144714355e-01
-6.671407318115234375e+01 -5.340641975402832031e+00 9.916789054870605469e+00 9.989950060844421387e-01
-6.797102355957031250e+01 -1.112347030639648438e+01 2.215965652465820312e+01 9.995372295379638672e-01
-7.181132507324218750e+01 -8.421298027038574219e+00 1.576561737060546875e+01 9.995785355567932129e-01
-6.626029968261718750e+01 -1.062952804565429688e+01 1.312599945068359375e+01 9.990172386169433594e-01
6.221839904785156250e+01 6.881775379180908203e+00 -9.560875892639160156e+00 9.999459981918334961e-01
6.221916198730468750e+01 6.882095813751220703e+00 -9.561067581176757812e+00 9.999269247055053711e-01
6.919287109375000000e+01 4.574862480163574219e+00 -1.014522838592529297e+01 9.999562501907348633e-01
6.221912002563476562e+01 6.882068157196044922e+00 -9.561064720153808594e+00 9.999322891235351562e-01
6.919495391845703125e+01 4.572109222412109375e+00 -1.014519596099853516e+01 9.999597072601318359e-01
6.919496154785156250e+01 4.572102069854736328e+00 -1.014519977569580078e+01 9.999580383300781250e-01
6.150374984741210938e+01 1.608577221632003784e-01 -1.629368400573730469e+01 1.008167862892150879e-02
6.222014617919921875e+01 6.882496833801269531e+00 -9.561070442199707031e+00 9.999356269836425781e-01
6.919496154785156250e+01 4.572102546691894531e+00 -1.014519309997558594e+01 9.999580383300781250e-01
6.156866455078125000e+01 6.374326705932617188e+00 -9.956133842468261719e+00 3.768798336386680603e-02
6.919496154785156250e+01 4.572105407714843750e+00 -1.014519977569580078e+01 9.999592304229736328e-01
6.222013473510742188e+01 6.882504940032958984e+00 -9.561061859130859375e+00 9.999485015869140625e-01
6.173477172851562500e+01 6.484513759613037109e+00 -9.949020385742187500e+00 7.235373370349407196e-03
6.221922683715820312e+01 6.882170677185058594e+00 -9.560434341430664062e+00 9.999442100524902344e-01
6.919287109375000000e+01 4.574872970581054688e+00 -1.014523601531982422e+01 9.999570846557617188e-01
6.919495391845703125e+01 4.572102069854736328e+00 -1.014518356323242188e+01 9.999591112136840820e-01
6.919496154785156250e+01 4.572102069854736328e+00 -1.014519596099853516e+01 9.999595880508422852e-01
6.221954345703125000e+01 6.882104396820068359e+00 -9.561179161071777344e+00 9.999376535415649414e-01
6.163132858276367188e+01 3.677819669246673584e-01 -1.647199630737304688e+01 9.998949766159057617e-01
6.485845947265625000e+01 5.210250377655029297e+00 -1.472673416137695312e+01 9.999524354934692383e-01
-6.417405700683593750e+01 -1.378161430358886719e+01 -2.789048767089843750e+01 9.998284578323364258e-01
-6.419057464599609375e+01 -1.377678012847900391e+01 -2.779555130004882812e+01 9.998278617858886719e-01
-6.167510986328125000e+01 -1.366835498809814453e+01 -3.247009658813476562e+01 9.998507499694824219e-01
-6.432902526855468750e+01 -1.373997688293457031e+01 -2.715361595153808594e+01 9.997969269752502441e-01
-6.419315338134765625e+01 -1.377472782135009766e+01 -2.778213691711425781e+01 9.998242259025573730e-01
-6.419995117187500000e+01 -1.377307319641113281e+01 -2.776852607727050781e+01 9.998225569725036621e-01
-6.419800567626953125e+01 -1.377359199523925781e+01 -2.777658271789550781e+01 9.998225569725036621e-01
-6.426473236083984375e+01 -1.376108551025390625e+01 -2.747040367126464844e+01 9.998112320899963379e-01
-6.491430664062500000e+01 -1.331402111053466797e+01 -2.305272483825683594e+01 9.996801614761352539e-01
-6.399752807617187500e+01 -1.382104206085205078e+01 -2.858886909484863281e+01 9.998387098312377930e-01
-6.175862503051757812e+01 -1.366627502441406250e+01 -3.240594100952148438e+01 9.998451471328735352e-01
-6.421205139160156250e+01 -1.376852130889892578e+01 -2.769416999816894531e+01 9.998180270195007324e-01
-6.428545379638671875e+01 -1.375238609313964844e+01 -2.735749053955078125e+01 9.997984766960144043e-01
-6.451322937011718750e+01 -1.367489910125732422e+01 -2.612086296081542969e+01 9.997474551200866699e-01
-6.428540039062500000e+01 -1.375240421295166016e+01 -2.735767555236816406e+01 9.997971653938293457e-01
-6.160797500610351562e+01 -1.366752433776855469e+01 -3.251683425903320312e+01 9.998508691787719727e-01
-6.428517150878906250e+01 -1.375250244140625000e+01 -2.735888099670410156e+01 9.998025298118591309e-01
-6.429974365234375000e+01 -1.374527835845947266e+01 -2.728094100952148438e+01 9.997974038124084473e-01
-6.159962081909179688e+01 -1.366867923736572266e+01 -3.252216720581054688e+01 9.998509883880615234e-01
-6.419319152832031250e+01 -1.377473831176757812e+01 -2.778198432922363281e+01 9.998279809951782227e-01
-6.796781158447265625e+01 -1.112402248382568359e+01 2.216897392272949219e+01 9.995436072349548340e-01
-6.796604919433593750e+01 -1.112423324584960938e+01 2.217088317871093750e+01 9.995344877243041992e-01
-6.796742248535156250e+01 -1.112410259246826172e+01 2.216983795166015625e+01 9.995461106300354004e-01
-6.796542358398437500e+01 -1.112434005737304688e+01 2.217260551452636719e+01 9.995394945144653320e-01
-6.796540069580078125e+01 -1.112434673309326172e+01 2.217257118225097656e+01 9.995322227478027344e-01
-6.796551513671875000e+01 -1.112432861328125000e+01 2.217220878601074219e+01 9.995437264442443848e-01
-6.796795654296875000e+01 -1.112399005889892578e+01 2.216853523254394531e+01 9.995451569557189941e-01
-6.796765899658203125e+01 -1.112406444549560547e+01 2.216937446594238281e+01 9.995463490486145020e-01
-6.796570587158203125e+01 -1.112426471710205078e+01 2.217192649841308594e+01 9.995397329330444336e-01
-6.796800231933593750e+01 -1.112399864196777344e+01 2.216853141784667969e+01 9.995436072349548340e-01
-6.291040802001953125e+01 2.902238368988037109e-01 2.611264610290527344e+01 9.114146828651428223e-01
-6.796786499023437500e+01 -1.112402057647705078e+01 2.216892433166503906e+01 9.995487332344055176e-01
-6.839425659179687500e+01 -1.102170467376708984e+01 2.102243614196777344e+01 9.995310306549072266e-01
-6.697293090820312500e+01 -1.179621601104736328e+01 1.477922821044921875e+01 9.994673132896423340e-01
-6.796575927734375000e+01 -1.112426185607910156e+01 2.217153739929199219e+01 9.995433092117309570e-01
-6.795439910888671875e+01 -1.112665748596191406e+01 2.219467926025390625e+01 9.995480179786682129e-01
-7.180889129638671875e+01 -8.427982330322265625e+00 1.577694225311279297e+01 9.995881915092468262e-01
-4.698351669311523438e+01 1.147390079498291016e+01 4.291916656494140625e+01 3.234106898307800293e-01
-6.796979522705078125e+01 -1.112372398376464844e+01 2.216282081604003906e+01 9.995486140251159668e-01
-7.180883026123046875e+01 -8.428021430969238281e+00 1.577709770202636719e+01 9.995998740196228027e-01
-9.363558769226074219e+00 -1.946146011352539062e+01 6.577448272705078125e+01 9.997135996818542480e-01
7.317205905914306641e+00 -2.278736305236816406e+01 6.570520019531250000e+01 9.998939037322998047e-01
-3.557610702514648438e+01 -1.531115150451660156e+01 5.960277175903320312e+01 9.999307394027709961e-01
-3.448643875122070312e+01 -1.591694641113281250e+01 6.021325302124023438e+01 9.999198913574218750e-01
7.489172935485839844e+00 -2.285685539245605469e+01 6.569598388671875000e+01 9.998974800109863281e-01
8.832462310791015625e+00 -2.344760513305664062e+01 6.562388610839843750e+01 9.998989105224609375e-01
6.609685897827148438e+00 -2.245002746582031250e+01 6.572976684570312500e+01 9.998826980590820312e-01
9.697175979614257812e+00 -2.379766654968261719e+01 6.557074737548828125e+01 9.998983144760131836e-01
-2.086449432373046875e+01 1.222988319396972656e+01 5.895081710815429688e+01 8.362562954425811768e-02
7.079697132110595703e+00 -2.265987014770507812e+01 6.571232604980468750e+01 9.998904466629028320e-01
7.557965278625488281e+00 -2.288203620910644531e+01 6.569170379638671875e+01 9.998977184295654297e-01
7.317209720611572266e+00 -2.278737068176269531e+01 6.570520019531250000e+01 9.998931884765625000e-01
8.197378158569335938e+00 -2.317661476135253906e+01 6.567157745361328125e+01 9.998929500579833984e-01
1.013128852844238281e+01 -2.399521255493164062e+01 6.552777099609375000e+01 9.998934268951416016e-01
-3.353532791137695312e+01 -1.639090728759765625e+01 6.068097686767578125e+01 9.999091625213623047e-01
2.323535680770874023e+00 -2.088672256469726562e+01 6.592543792724609375e+01 9.998652935028076172e-01
-2.497898101806640625e+01 -1.784095764160156250e+01 6.321397781372070312e+01 9.997312426567077637e-01
7.162757396697998047e+00 -2.271761703491210938e+01 6.571174621582031250e+01 9.998936653137207031e-01
1.092163848876953125e+01 -2.434691619873046875e+01 6.546224212646484375e+01 9.998967647552490234e-01
7.080873012542724609e+00 -2.266030502319335938e+01 6.571234893798828125e+01 9.998898506164550781e-01
1.442220020294189453e+01 -2.574752616882324219e+01 6.464717102050781250e+01 9.998806715011596680e-01
4.542305755615234375e+01 -3.204654693603515625e+01 3.789924240112304688e+01 9.989917874336242676e-01
3.788755035400390625e+01 -3.064211273193359375e+01 4.785716247558593750e+01 9.985780715942382812e-01
4.542406845092773438e+01 -3.205037689208984375e+01 3.788902282714843750e+01 9.986292123794555664e-01
4.542328643798828125e+01 -3.204699707031250000e+01 3.789855957031250000e+01 9.990537762641906738e-01
2.228407859802246094e+01 -2.797337913513183594e+01 6.075832748413085938e+01 9.997065663337707520e-01
4.529133987426757812e+01 -3.127268218994140625e+01 3.913441467285156250e+01 9.983188509941101074e-01
1.579168510437011719e+01 -2.622123336791992188e+01 6.411302185058593750e+01 9.998456239700317383e-01
1.571257400512695312e+01 -2.619295883178710938e+01 6.414511108398437500e+01 9.998519420623779297e-01
1.470276260375976562e+01 -2.582786369323730469e+01 6.453096008300781250e+01 9.998761415481567383e-01
4.542153930664062500e+01 -3.202565383911132812e+01 3.790978240966796875e+01 9.986690282821655273e-01
1.574360847473144531e+01 -2.620438575744628906e+01 6.413278198242187500e+01 9.998503923416137695e-01
1.438156986236572266e+01 -2.573066139221191406e+01 6.466063690185546875e+01 9.998818635940551758e-01
1.396461772918701172e+01 -2.559572410583496094e+01 6.479646301269531250e+01 9.998871088027954102e-01
4.542296981811523438e+01 -3.204661560058593750e+01 3.789906311035156250e+01 9.989394545555114746e-01
3.100195121765136719e+01 -2.905115318298339844e+01 5.491852188110351562e+01 9.987602233886718750e-01
4.542326736450195312e+01 -3.204698944091796875e+01 3.789860153198242188e+01 9.991397857666015625e-01
1.470068454742431641e+01 -2.582716178894042969e+01 6.453170776367187500e+01 9.998773336410522461e-01
1.485426902770996094e+01 -2.588650703430175781e+01 6.447517395019531250e+01 9.998724460601806641e-01
1.528551769256591797e+01 -2.604013061523437500e+01 6.431101226806640625e+01 9.998606443405151367e-01
-6.134691619873046875e+01 3.359560012817382812e+01 9.656471610069274902e-01 9.999343156814575195e-01
-5.641247177124023438e+01 3.142353439331054688e+01 7.322059631347656250e+00 9.999382495880126953e-01
-6.135224533081054688e+01 3.359281539916992188e+01 9.569582939147949219e-01 9.999252557754516602e-01
-6.135028839111328125e+01 3.359386062622070312e+01 9.600436091423034668e-01 9.999368190765380859e-01
-6.135200500488281250e+01 3.359283447265625000e+01 9.560967683792114258e-01 9.999388456344604492e-01
-6.135203170776367188e+01 3.359278106689453125e+01 9.557574987411499023e-01 9.999406337738037109e-01
-6.135086822509765625e+01 3.359406661987304688e+01 9.602106809616088867e-01 9.999401569366455078e-01
-6.135230636596679688e+01 3.359280014038085938e+01 9.571831226348876953e-01 9.999309778213500977e-01
-5.641245269775390625e+01 3.142357635498046875e+01 7.322020530700683594e+00 9.999368190765380859e-01
-6.135206222534179688e+01 3.359278869628906250e+01 9.558672308921813965e-01 9.999337196350097656e-01
-6.135232543945312500e+01 3.359288406372070312e+01 9.576929807662963867e-01 9.999363422393798828e-01
-5.641249465942382812e+01 3.142358779907226562e+01 7.322049140930175781e+00 9.999378919601440430e-01
-6.288643264770507812e+01 3.355963897705078125e+01 8.690165519714355469e+00 9.999418258666992188e-01
-6.135232162475585938e+01 3.359288406372070312e+01 9.576883316040039062e-01 9.999362230300903320e-01
-6.135240554809570312e+01 3.359275054931640625e+01 9.572229385375976562e-01 9.999301433563232422e-01
-6.135205078125000000e+01 3.359278106689453125e+01 9.558522105216979980e-01 9.999338388442993164e-01
-5.641249465942382812e+01 3.142356681823730469e+01 7.322051048278808594e+00 9.999349117279052734e-01
-6.135247039794921875e+01 3.359277725219726562e+01 9.571747183799743652e-01 9.999396800994873047e-01
-6.135232925415039062e+01 3.359288406372070312e+01 9.577154517173767090e-01 9.999362230300903320e-01
-6.135203170776367188e+01 3.359323883056640625e+01 9.593181014060974121e-01 9.999400377273559570e-01
-4.779304885864257812e+01 2.853525161743164062e+01 -4.228214645385742188e+01 9.999519586563110352e-01
-4.365148544311523438e+01 2.786414718627929688e+01 -4.553121948242187500e+01 9.999511241912841797e-01
-3.835107803344726562e+01 2.118846130371093750e+01 -5.149962234497070312e+01 9.999294281005859375e-01
-4.787355041503906250e+01 2.854159164428710938e+01 -4.218964004516601562e+01 9.999519586563110352e-01
-4.329808044433593750e+01 2.773047447204589844e+01 -4.594045639038085938e+01 9.999505281448364258e-01
-4.315777969360351562e+01 2.768671607971191406e+01 -4.607047271728515625e+01 9.999499320983886719e-01
-4.375104522705078125e+01 2.790296936035156250e+01 -4.539914703369140625e+01 9.999511241912841797e-01
-4.781201934814453125e+01 2.853621673583984375e+01 -4.226580810546875000e+01 9.999519586563110352e-01
-4.378467559814453125e+01 2.791278076171875000e+01 -4.536753845214843750e+01 9.999510049819946289e-01
-4.441764068603515625e+01 2.811867523193359375e+01 -4.460231399536132812e+01 9.999512434005737305e-01
-4.375120544433593750e+01 2.790205001831054688e+01 -4.540299224853515625e+01 9.999510049819946289e-01
-2.782793998718261719e+01 2.350430870056152344e+01 -5.696514511108398438e+01 9.999378919601440430e-01
-4.344995117187500000e+01 2.778691482543945312e+01 -4.576739120483398438e+01 9.999510049819946289e-01
-4.441804504394531250e+01 2.811898040771484375e+01 -4.460102081298828125e+01 9.999512434005737305e-01
-9.862195014953613281e+00 1.733721160888671875e+01 -6.428873443603515625e+01 9.999630451202392578e-01
-1.406522560119628906e+01 1.761172103881835938e+01 -6.298720932006835938e+01 9.999606609344482422e-01
-4.363267517089843750e+01 2.785900878906250000e+01 -4.554627990722656250e+01 9.999511241912841797e-01
-4.341094970703125000e+01 2.777119255065917969e+01 -4.581545257568359375e+01 9.999510049819946289e-01
-4.291943359375000000e+01 2.760565948486328125e+01 -4.630074310302734375e+01 9.999493360519409180e-01
-4.179682159423828125e+01 2.714803695678710938e+01 -4.752821731567382812e+01 9.999455213546752930e-01
3.177433395385742188e+01 -3.283683395385742188e+01 -5.152241516113281250e+01 9.999300241470336914e-01
3.195444488525390625e+01 -3.282264709472656250e+01 -5.138581466674804688e+01 9.999293088912963867e-01
5.306552886962890625e+01 -3.773395538330078125e+01 -2.346385765075683594e+01 9.987138509750366211e-01
3.684375762939453125e+01 -3.241595458984375000e+01 -4.697413635253906250e+01 9.998989105224609375e-01
4.787961196899414062e+01 -3.634374618530273438e+01 -3.181522369384765625e+01 9.989101886749267578e-01
5.458364868164062500e+01 -3.893431854248046875e+01 -2.032565116882324219e+01 9.992438554763793945e-01
2.969762992858886719e+01 -3.309320068359375000e+01 -5.299040222167968750e+01 9.999378919601440430e-01
3.770550155639648438e+01 -3.232202529907226562e+01 -4.605733108520507812e+01 9.998891353607177734e-01
3.278857421875000000e+01 -3.274933242797851562e+01 -5.071990203857421875e+01 9.999247789382934570e-01
2.957632637023925781e+01 -3.310386657714843750e+01 -5.307014083862304688e+01 9.999381303787231445e-01
2.986387062072753906e+01 -3.307730484008789062e+01 -5.288227462768554688e+01 9.999368190765380859e-01
3.157301902770996094e+01 -3.285835266113281250e+01 -5.167795562744140625e+01 9.999310970306396484e-01
5.458210372924804688e+01 -3.893522262573242188e+01 -2.032666015625000000e+01 9.991658926010131836e-01
5.457545089721679688e+01 -3.893128967285156250e+01 -2.033543586730957031e+01 9.991295933723449707e-01
3.307405471801757812e+01 -3.273254394531250000e+01 -5.048252868652343750e+01 9.999239444732666016e-01
4.182045745849609375e+01 -3.692996978759765625e+01 -4.028147506713867188e+01 9.996308088302612305e-01
3.306278991699218750e+01 -3.273610687255859375e+01 -5.049192810058593750e+01 9.999247789382934570e-01
3.234508132934570312e+01 -3.279838180541992188e+01 -5.108509826660156250e+01 9.999281167984008789e-01
5.458356094360351562e+01 -3.893438720703125000e+01 -2.032569885253906250e+01 9.992371797561645508e-01
5.457505035400390625e+01 -3.893341064453125000e+01 -2.033564949035644531e+01 9.991222023963928223e-01
-4.980020904541015625e+01 2.744768524169921875e+01 -3.524347305297851562e+01 9.998695850372314453e-01
-5.643383407592773438e+01 3.149896621704101562e+01 7.418380737304687500e+00 2.344870707020163536e-03
-4.980021667480468750e+01 2.744768714904785156e+01 -3.524349594116210938e+01 9.999393224716186523e-01
-6.135448837280273438e+01 3.359001541137695312e+01 9.492719769477844238e-01 9.999009370803833008e-01
-4.980011749267578125e+01 2.744779586791992188e+01 -3.524387359619140625e+01 9.997045397758483887e-01
-4.980020523071289062e+01 2.744768333435058594e+01 -3.524341964721679688e+01 9.999409914016723633e-01
-5.799277496337890625e+01 3.131134033203125000e+01 -1.681219863891601562e+01 1.811237819492816925e-02
-6.163299560546875000e+01 3.299345397949218750e+01 -2.379729032516479492e+00 9.997538924217224121e-01
-4.980028915405273438e+01 2.744763565063476562e+01 -3.524331283569335938e+01 9.999366998672485352e-01
-5.799806213378906250e+01 3.130734634399414062e+01 -1.685137367248535156e+01 9.999225139617919922e-01
-5.644124984741210938e+01 3.152291488647460938e+01 7.376760005950927734e+00 1.968165161088109016e-03
-4.980027008056640625e+01 2.744765853881835938e+01 -3.524334716796875000e+01 9.999376535415649414e-01
-4.980065536499023438e+01 2.744754791259765625e+01 -3.524302673339843750e+01 9.999403953552246094e-01
-4.980065155029296875e+01 2.744756126403808594e+01 -3.524304199218750000e+01 9.999400377273559570e-01
-6.135186767578125000e+01 3.359267807006835938e+01 9.544234275817871094e-01 9.999223947525024414e-01
-6.258955764770507812e+01 2.005589103698730469e+01 -3.361966848373413086e+00 5.938125252723693848e-01
-5.644622039794921875e+01 3.156317138671875000e+01 7.347442626953125000e+00 1.878538867458701134e-03
-5.793971252441406250e+01 3.133042716979980469e+01 -1.698788642883300781e+01 3.633869579061865807e-03
-5.722138595581054688e+01 1.289345741271972656e+01 -2.543402290344238281e+01 3.710491657257080078e-01
-4.980042648315429688e+01 2.744739151000976562e+01 -3.524263381958007812e+01 9.999419450759887695e-01
-3.698060989379882812e+01 -1.458152103424072266e+01 5.865934371948242188e+01 9.999461174011230469e-01
-4.164946746826171875e+01 -1.221929550170898438e+01 5.444692993164062500e+01 9.999449253082275391e-01
-6.790735626220703125e+01 -1.113502597808837891e+01 2.231217193603515625e+01 9.995226860046386719e-01
-4.872556686401367188e+01 -1.098118877410888672e+01 4.778922271728515625e+01 9.999357461929321289e-01
-4.061694717407226562e+01 -1.272521400451660156e+01 5.546355819702148438e+01 9.999473094940185547e-01
-3.963149642944335938e+01 -1.320474338531494141e+01 5.640971755981445312e+01 9.999473094940185547e-01
-3.936548995971679688e+01 -1.334267997741699219e+01 5.665238952636718750e+01 9.999473094940185547e-01
-4.067403793334960938e+01 -1.269925117492675781e+01 5.540884780883789062e+01 9.999473094940185547e-01
-6.331163787841796875e+01 -1.133794593811035156e+01 3.244870758056640625e+01 9.995610117912292480e-01
-6.581536865234375000e+01 -1.151970100402832031e+01 2.847615242004394531e+01 9.994710087776184082e-01
-3.675436019897460938e+01 -1.468939018249511719e+01 5.882027435302734375e+01 9.999454021453857422e-01
-4.010813903808593750e+01 -1.295273017883300781e+01 5.595661163330078125e+01 9.999473094940185547e-01
-3.658966827392578125e+01 -1.478210830688476562e+01 5.893214797973632812e+01 9.999451637268066406e-01
-3.756541824340820312e+01 -1.430022907257080078e+01 5.821598815917968750e+01 9.999462366104125977e-01
-4.785954284667968750e+01 -9.438138008117675781e+00 4.842518997192382812e+01 9.999172687530517578e-01
-6.751241302490234375e+01 -1.118154335021972656e+01 2.345057487487792969e+01 9.994695782661437988e-01
-4.155987548828125000e+01 -1.227191352844238281e+01 5.453263092041015625e+01 9.999449253082275391e-01
-4.144976043701171875e+01 -1.231708621978759766e+01 5.464143753051757812e+01 9.999461174011230469e-01
-3.642792510986328125e+01 -1.486098957061767578e+01 5.904988479614257812e+01 9.999455213546752930e-01
-5.560542297363281250e+01 -1.076970672607421875e+01 4.124158096313476562e+01 9.998872280120849609e-01
5.193635940551757812e+01 -3.596321868896484375e+01 2.916039276123046875e+01 9.994174242019653320e-01
5.193625640869140625e+01 -3.596318054199218750e+01 2.916062736511230469e+01 9.994938373565673828e-01
5.193629455566406250e+01 -3.596317291259765625e+01 2.916063880920410156e+01 9.995473027229309082e-01
5.193063735961914062e+01 -3.596386337280273438e+01 2.914853858947753906e+01 9.995181560516357422e-01
5.193630218505859375e+01 -3.596318054199218750e+01 2.916062927246093750e+01 9.995121955871582031e-01
4.636931610107421875e+01 -3.419074630737304688e+01 3.370684432983398438e+01 9.990519881248474121e-01
5.193630218505859375e+01 -3.596318054199218750e+01 2.916061782836914062e+01 9.995136260986328125e-01
5.166239929199218750e+01 -3.567263031005859375e+01 3.053215217590332031e+01 9.991385936737060547e-01
5.193627548217773438e+01 -3.596318054199218750e+01 2.916063117980957031e+01 9.995063543319702148e-01
5.761233901977539062e+01 -3.473874664306640625e+01 -6.512185573577880859e+00 9.973950386047363281e-01
5.193633651733398438e+01 -3.596317291259765625e+01 2.916060829162597656e+01 9.994813799858093262e-01
5.193001937866210938e+01 -3.596378707885742188e+01 2.914848136901855469e+01 9.995749592781066895e-01
5.193558883666992188e+01 -3.596256637573242188e+01 2.916394805908203125e+01 9.995906949043273926e-01
5.193627548217773438e+01 -3.596318054199218750e+01 2.916062736511230469e+01 9.995048046112060547e-01
5.193632125854492188e+01 -3.596321105957031250e+01 2.916036415100097656e+01 9.993757605552673340e-01
5.193634796142578125e+01 -3.596320724487304688e+01 2.916039657592773438e+01 9.993909597396850586e-01
4.636929321289062500e+01 -3.419075393676757812e+01 3.370677566528320312e+01 9.989646673202514648e-01
5.772729492187500000e+01 -3.184805488586425781e+01 3.143270254135131836e+00 9.967221617698669434e-01
4.650370788574218750e+01 -3.429704284667968750e+01 3.351587677001953125e+01 9.991506338119506836e-01
2.002750968933105469e+01 -1.312440037727355957e+00 5.841634750366210938e+01 4.555517435073852539e-01
