-1.499374008178710938e+01 -3.614567184448242188e+01 -3.351139831542968750e+01 8.195215463638305664e-01
-2.058866691589355469e+01 -1.441061305999755859e+01 -6.015373992919921875e+01 9.748188853263854980e-01
-1.988424301147460938e+01 -2.230189514160156250e+01 -5.031942367553710938e+01 8.570182919502258301e-01
-2.081362915039062500e+01 -1.513686466217041016e+01 -6.038086700439453125e+01 9.752838015556335449e-01
-1.761972618103027344e+01 -3.699536514282226562e+01 -4.837360382080078125e+01 7.090653777122497559e-01
-2.112621688842773438e+01 -1.877894783020019531e+01 -4.995483016967773438e+01 9.396063089370727539e-01
-3.192793846130371094e+01 -1.765637779235839844e+01 -5.380662918090820312e+01 9.707188010215759277e-01
-2.111053657531738281e+01 -1.889092445373535156e+01 -4.996837234497070312e+01 9.482297897338867188e-01
-2.004610633850097656e+01 -1.259106826782226562e+01 -5.462645339965820312e+01 9.669973254203796387e-01
-1.816347885131835938e+01 -2.921842956542968750e+01 -5.409249114990234375e+01 7.832754850387573242e-01
-1.493351268768310547e+01 -4.052611923217773438e+01 -3.779208755493164062e+01 8.589233756065368652e-01
-2.132858085632324219e+01 -2.225098228454589844e+01 -5.962469863891601562e+01 9.478068351745605469e-01
-2.215917587280273438e+01 -2.109151077270507812e+01 -6.051245117187500000e+01 9.634039998054504395e-01
-2.107274246215820312e+01 -1.583690738677978516e+01 -6.055542373657226562e+01 9.730854034423828125e-01
-1.738401794433593750e+01 -2.968423652648925781e+01 -4.216793060302734375e+01 6.800217032432556152e-01
-2.146191024780273438e+01 -2.205652236938476562e+01 -5.980295944213867188e+01 9.491140842437744141e-01
-1.996906280517578125e+01 -1.280093479156494141e+01 -5.616651916503906250e+01 9.716107249259948730e-01
-2.265042114257812500e+01 -2.062079620361328125e+01 -6.093967437744140625e+01 9.603869318962097168e-01
-2.098524665832519531e+01 -2.163589668273925781e+01 -5.593939971923828125e+01 9.526298642158508301e-01
-2.629753112792968750e+01 -1.736218070983886719e+01 -6.218216323852539062e+01 9.737874269485473633e-01
1.020150375366210938e+01 -2.426013946533203125e+01 5.843298339843750000e+01 9.545485377311706543e-01
1.195777416229248047e+01 -2.359887504577636719e+01 5.707511138916015625e+01 9.138803482055664062e-01
1.948209190368652344e+01 -2.002855300903320312e+01 6.080106735229492188e+01 9.007852673530578613e-01
1.714525413513183594e+01 -2.658965492248535156e+01 6.286347579956054688e+01 9.710395932197570801e-01
1.825993537902832031e+01 -2.382891464233398438e+01 6.215081787109375000e+01 9.522864222526550293e-01
6.295648574829101562e+00 -3.267326354980468750e+01 5.845434188842773438e+01 9.488668441772460938e-01
9.076028823852539062e+00 -2.602398300170898438e+01 5.911837768554687500e+01 9.569439291954040527e-01
1.923830795288085938e+01 -1.869400405883789062e+01 5.761815261840820312e+01 8.761655688285827637e-01
1.506613159179687500e+01 -3.078337669372558594e+01 6.315021896362304688e+01 9.704650640487670898e-01
1.099607181549072266e+01 -2.390434837341308594e+01 5.779367065429687500e+01 9.407095313072204590e-01
1.814538574218750000e+01 -2.411582756042480469e+01 6.224321365356445312e+01 9.629279971122741699e-01
1.395614719390869141e+01 -3.203312683105468750e+01 6.263815307617187500e+01 9.708415865898132324e-01
1.779159164428710938e+01 -2.501877975463867188e+01 6.248155975341796875e+01 9.682669639587402344e-01
1.867115211486816406e+01 -2.259472274780273438e+01 6.183227157592773438e+01 9.126921892166137695e-01
1.193204975128173828e+01 -2.361287498474121094e+01 5.709389495849609375e+01 9.171040654182434082e-01
2.184580039978027344e+01 -3.155650901794433594e+01 4.930717849731445312e+01 9.459840059280395508e-01
1.057818222045898438e+01 -2.405458068847656250e+01 5.813105010986328125e+01 9.508290886878967285e-01
1.229207134246826172e+01 -2.345190429687500000e+01 5.696538162231445312e+01 9.204334020614624023e-01
1.862076187133789062e+01 -2.275463867187500000e+01 6.185676574707031250e+01 9.256721735000610352e-01
7.027168273925781250e+00 -3.258538055419921875e+01 5.880224990844726562e+01 9.658309817314147949e-01
7.529409027099609375e+01 9.812872886657714844e+00 9.905094146728515625e+00 9.740585684776306152e-01
5.883822250366210938e+01 3.486223220825195312e+01 -4.436867237091064453e+00 9.783065915107727051e-01
5.952230453491210938e+01 3.384743118286132812e+01 -1.196290373802185059e+00 9.573618173599243164e-01
6.526929473876953125e+01 4.052083587646484375e+01 -6.612885951995849609e+00 9.894989728927612305e-01
5.913735198974609375e+01 3.500140380859375000e+01 -5.575226783752441406e+00 9.821001291275024414e-01
6.751753997802734375e+01 2.936389923095703125e+01 1.479999184608459473e+00 9.676564335823059082e-01
6.622556304931640625e+01 3.665314865112304688e+01 -3.608644247055053711e+00 9.824434518814086914e-01
6.596002960205078125e+01 3.896719360351562500e+01 -5.380185604095458984e+00 9.872777462005615234e-01
6.986364746093750000e+01 2.566805839538574219e+01 3.528674364089965820e+00 9.637569785118103027e-01
6.285540008544921875e+01 4.481394577026367188e+01 -4.185757160186767578e+00 9.901989698410034180e-01
7.483373260498046875e+01 1.019693374633789062e+01 9.778491020202636719e+00 9.539026021957397461e-01
7.501497650146484375e+01 1.231068515777587891e+01 1.000411319732666016e+01 9.729855060577392578e-01
7.557676696777343750e+01 1.264443016052246094e+01 1.239185523986816406e+01 9.690058231353759766e-01
7.362733459472656250e+01 1.651399040222167969e+01 8.704409599304199219e+00 9.664493203163146973e-01
6.567400360107421875e+01 3.946959686279296875e+01 -5.851619720458984375e+00 9.882445335388183594e-01
6.330710983276367188e+01 1.505322456359863281e+01 1.286068153381347656e+01 9.284340739250183105e-01
7.578852844238281250e+01 7.824652671813964844e+00 9.899718284606933594e+00 9.859108924865722656e-01
7.249012756347656250e+01 1.972049522399902344e+01 6.865588665008544922e+00 9.653250575065612793e-01
7.644889068603515625e+01 1.009221458435058594e+01 1.640744209289550781e+01 9.797158241271972656e-01
6.615530395507812500e+01 3.807969665527343750e+01 -4.547764301300048828e+00 9.846877455711364746e-01
-4.940677261352539062e+01 -3.653261184692382812e+01 9.779500007629394531e+00 9.946936964988708496e-01
-4.855710601806640625e+01 -3.702386093139648438e+01 9.963872909545898438e+00 9.926311969757080078e-01
-4.546740722656250000e+01 -3.063271522521972656e+01 1.399945449829101562e+01 9.863283038139343262e-01
-2.798686218261718750e+01 -3.909324645996093750e+01 2.222584342956542969e+01 9.471569061279296875e-01
-4.500338363647460938e+01 -3.556090164184570312e+01 1.796074867248535156e+01 9.800210595130920410e-01
-2.703052902221679688e+01 -3.880764007568359375e+01 2.502549934387207031e+01 9.564207792282104492e-01
-3.839653396606445312e+01 -3.536734390258789062e+01 1.429389286041259766e+01 9.673283100128173828e-01
-3.593416976928710938e+01 -4.428876495361328125e+01 2.943699836730957031e+01 9.881646633148193359e-01
-4.865135574340820312e+01 -3.694229125976562500e+01 9.883296012878417969e+00 9.945377707481384277e-01
-4.919702911376953125e+01 -3.663809204101562500e+01 9.795294761657714844e+00 9.948856234550476074e-01
-3.975980377197265625e+01 -3.405521011352539062e+01 1.278967094421386719e+01 9.672268033027648926e-01
-4.112973785400390625e+01 -4.008563232421875000e+01 2.326013755798339844e+01 9.859153032302856445e-01
-4.035360336303710938e+01 -3.343024444580078125e+01 1.226320457458496094e+01 9.704839587211608887e-01
-4.251527786254882812e+01 -3.221192932128906250e+01 1.312995338439941406e+01 9.811594486236572266e-01
-4.741423797607421875e+01 -3.805749511718750000e+01 1.206305027008056641e+01 9.912875294685363770e-01
-4.342356491088867188e+01 -3.797663879394531250e+01 2.029716110229492188e+01 9.868256449699401855e-01
-4.273721694946289062e+01 -3.114144134521484375e+01 1.176735401153564453e+01 9.859457612037658691e-01
-4.538842773437500000e+01 -3.343846130371093750e+01 1.606114196777343750e+01 9.796048402786254883e-01
-4.890100479125976562e+01 -3.678154373168945312e+01 9.799652099609375000e+00 9.946133494377136230e-01
-4.885674285888671875e+01 -3.681417846679687500e+01 9.826374053955078125e+00 9.944946169853210449e-01
-7.558656692504882812e+00 -5.345575332641601562e+01 -3.705792236328125000e+01 9.249791502952575684e-01
-8.374275207519531250e+00 -5.032011413574218750e+01 -3.514520645141601562e+01 9.058876037597656250e-01
-9.264626502990722656e+00 -4.576797103881835938e+01 -3.143637847900390625e+01 9.047387242317199707e-01
-7.018066406250000000e+00 -5.039656066894531250e+01 -3.302297973632812500e+01 8.160636425018310547e-01
-7.352474689483642578e+00 -5.946268463134765625e+01 -3.363302612304687500e+01 8.954358696937561035e-01
-7.926998138427734375e+00 -5.113997650146484375e+01 -3.545039749145507812e+01 8.893374800682067871e-01
-8.954375267028808594e+00 -4.927586364746093750e+01 -3.476680755615234375e+01 9.163262844085693359e-01
-9.644263267517089844e+00 -4.746581649780273438e+01 -3.402645111083984375e+01 9.298617243766784668e-01
-9.006439208984375000e+00 -4.903205871582031250e+01 -3.461054611206054688e+01 9.189977645874023438e-01
-7.638875484466552734e+00 -5.275806427001953125e+01 -3.670333862304687500e+01 9.245187640190124512e-01
-8.060154914855957031e+00 -5.094269943237304688e+01 -3.542477416992187500e+01 8.970494270324707031e-01
-7.457333087921142578e+00 -4.866547012329101562e+01 -3.163879585266113281e+01 8.127940893173217773e-01
-6.759544372558593750e+00 -5.955689239501953125e+01 -3.179022598266601562e+01 8.491811752319335938e-01
-7.330544471740722656e+00 -4.690510940551757812e+01 -2.104854583740234375e+01 7.469452023506164551e-01
-3.680890798568725586e+00 -5.334342956542968750e+01 -2.800819206237792969e+01 7.736270427703857422e-01
-8.189441680908203125e+00 -5.036289596557617188e+01 -3.494630050659179688e+01 8.953471779823303223e-01
-5.060230255126953125e+00 -5.120804977416992188e+01 -2.983195877075195312e+01 8.002654910087585449e-01
-7.872490406036376953e+00 -5.178457641601562500e+01 -3.607631683349609375e+01 9.062618613243103027e-01
-9.612916946411132812e+00 -4.486600494384765625e+01 -3.102915763854980469e+01 9.130009412765502930e-01
-7.539406776428222656e+00 -4.681163406372070312e+01 -2.860788726806640625e+01 7.567475438117980957e-01
6.736656188964843750e+01 3.222934961318969727e+00 1.241904544830322266e+01 9.633734226226806641e-01
7.289847564697265625e+01 -1.017162203788757324e+00 1.877145004272460938e+01 9.772900342941284180e-01
7.474359893798828125e+01 7.141785144805908203e+00 9.917111396789550781e+00 9.870373010635375977e-01
7.386665344238281250e+01 1.449932336807250977e+00 1.954106521606445312e+01 9.797312617301940918e-01
6.802256774902343750e+01 7.242173194885253906e+00 1.142189311981201172e+01 9.698155522346496582e-01
7.655342102050781250e+01 9.590644836425781250e+00 1.665511322021484375e+01 9.924209713935852051e-01
6.187126541137695312e+01 -6.047199726104736328e+00 2.034625625610351562e+01 8.769032955169677734e-01
7.199324035644531250e+01 -2.997237682342529297e+00 1.658903884887695312e+01 9.749167561531066895e-01
7.700289154052734375e+01 7.948098659515380859e+00 1.610873222351074219e+01 9.889079928398132324e-01
6.723887634277343750e+01 2.417472839355468750e+00 1.263630008697509766e+01 9.682804942131042480e-01
7.139025115966796875e+01 -3.878922462463378906e+00 1.541934204101562500e+01 9.637175202369689941e-01
7.282639312744140625e+01 8.035411834716796875e+00 9.961011886596679688e+00 9.846699237823486328e-01
7.222377014160156250e+01 8.043033599853515625e+00 1.003506851196289062e+01 9.837122559547424316e-01
7.435715484619140625e+01 2.494004487991333008e+00 1.963266372680664062e+01 9.839841127395629883e-01
7.029926300048828125e+01 -2.612517118453979492e+00 1.449930953979492188e+01 9.622099399566650391e-01
6.790145111083984375e+01 6.561891555786132812e+00 1.154790306091308594e+01 9.629293084144592285e-01
6.864704895019531250e+01 -1.199166297912597656e+00 1.362194347381591797e+01 9.548181295394897461e-01
6.716324615478515625e+01 1.209113121032714844e+00 1.298430919647216797e+01 9.561782479286193848e-01
7.291673278808593750e+01 -9.901769161224365234e-01 1.878256797790527344e+01 9.752232432365417480e-01
6.693522644042968750e+01 -1.632848739624023438e+01 1.589475250244140625e+01 9.171742796897888184e-01
-5.254810333251953125e+01 -3.489440536499023438e+01 9.425749778747558594e+00 9.911047816276550293e-01
-5.872964859008789062e+01 -3.386079788208007812e+01 4.300400733947753906e+00 9.871321916580200195e-01
-5.466416168212890625e+01 -2.855553817749023438e+01 8.307806968688964844e+00 9.892373681068420410e-01
-5.909673690795898438e+01 -3.136134529113769531e+01 3.809413194656372070e+00 9.874852299690246582e-01
-5.204076385498046875e+01 -3.524262619018554688e+01 9.715703010559082031e+00 9.916668534278869629e-01
-5.929202270507812500e+01 -3.071849632263183594e+01 3.662802457809448242e+00 9.872883558273315430e-01
-5.444841384887695312e+01 -3.081702995300292969e+01 7.919985771179199219e+00 9.892390966415405273e-01
-5.395807647705078125e+01 -3.175231170654296875e+01 8.092976570129394531e+00 9.904775619506835938e-01
-5.230556869506835938e+01 -3.504623031616210938e+01 9.527274131774902344e+00 9.910016655921936035e-01
-5.824634170532226562e+01 -3.525862503051757812e+01 5.368060111999511719e+00 9.874755740165710449e-01
-5.262963104248046875e+01 -3.484601593017578125e+01 9.387833595275878906e+00 9.909154772758483887e-01
-5.394290542602539062e+01 -3.263059997558593750e+01 8.142307281494140625e+00 9.904221296310424805e-01
-5.557766723632812500e+01 -3.412580490112304688e+01 7.517578125000000000e+00 9.884170889854431152e-01
-5.487932586669921875e+01 -2.686257934570312500e+01 8.574361801147460938e+00 9.883562922477722168e-01
-5.416001129150390625e+01 -3.287983322143554688e+01 8.077341079711914062e+00 9.895216226577758789e-01
-5.841201019287109375e+01 -3.529356002807617188e+01 5.112679004669189453e+00 9.871631264686584473e-01
-5.926037216186523438e+01 -3.079174613952636719e+01 3.684957504272460938e+00 9.875059127807617188e-01
-5.954434585571289062e+01 -3.007225799560546875e+01 3.483294725418090820e+00 9.875612854957580566e-01
-5.779232406616210938e+01 -3.508958816528320312e+01 5.835757732391357422e+00 9.885582923889160156e-01
-5.833723831176757812e+01 -3.528869247436523438e+01 5.210268497467041016e+00 9.873583316802978516e-01
2.850899314880371094e+01 1.542507457733154297e+01 5.868500900268554688e+01 8.575553297996520996e-01
3.282873153686523438e+01 1.006332302093505859e+01 6.494010925292968750e+01 9.385672211647033691e-01
2.859228324890136719e+01 1.573287296295166016e+01 5.842717742919921875e+01 9.355800151824951172e-01
3.319248199462890625e+01 1.030821132659912109e+01 6.502204895019531250e+01 9.426913857460021973e-01
2.873192024230957031e+01 1.587711906433105469e+01 5.800167846679687500e+01 9.114218354225158691e-01
3.039290428161621094e+01 2.177523803710937500e+01 5.700854492187500000e+01 8.349646925926208496e-01
3.399059295654296875e+01 1.579546928405761719e+01 4.814801788330078125e+01 8.700401782989501953e-01
3.602283859252929688e+01 1.497462654113769531e+01 6.397061920166015625e+01 9.381284713745117188e-01
3.544880676269531250e+01 1.219225025177001953e+01 6.495303344726562500e+01 9.545277953147888184e-01
3.073972702026367188e+01 2.159532356262207031e+01 5.570966720581054688e+01 8.657330870628356934e-01
3.585845947265625000e+01 1.592500877380371094e+01 6.362379455566406250e+01 9.516349434852600098e-01
3.040122985839843750e+01 2.168470001220703125e+01 5.713600540161132812e+01 8.529160618782043457e-01
2.847715568542480469e+01 1.531441116333007812e+01 5.881782150268554688e+01 8.464895486831665039e-01
2.851190567016601562e+01 1.546857070922851562e+01 5.870088577270507812e+01 8.773152828216552734e-01
3.486696624755859375e+01 1.810409927368164062e+01 6.301129913330078125e+01 9.432941079139709473e-01
2.851130676269531250e+01 1.540522098541259766e+01 5.869207382202148438e+01 8.543847203254699707e-01
3.602318954467773438e+01 1.367071151733398438e+01 6.440034484863281250e+01 9.573037028312683105e-01
3.484180450439453125e+01 1.814646339416503906e+01 6.300186157226562500e+01 9.259164929389953613e-01
2.850545120239257812e+01 1.541992092132568359e+01 5.867518997192382812e+01 8.329601287841796875e-01
3.022430610656738281e+01 2.045055389404296875e+01 5.812638092041015625e+01 9.036868810653686523e-01
4.054543685913085938e+01 -5.279450607299804688e+01 7.588602066040039062e+00 3.906328976154327393e-01
1.407060337066650391e+01 -3.123593330383300781e+01 3.425377273559570312e+01 2.755510807037353516e-01
4.733185195922851562e+01 -4.459642791748046875e+01 1.470207881927490234e+01 5.912982225418090820e-01
5.788245010375976562e+01 -4.018537521362304688e+01 2.076244354248046875e+01 9.601705670356750488e-01
5.137525558471679688e+01 -3.958499908447265625e+01 1.381072044372558594e+01 8.876183032989501953e-01
5.321806716918945312e+01 -4.286448669433593750e+01 1.808069419860839844e+01 9.126165509223937988e-01
4.005027770996093750e+01 -4.164420700073242188e+01 1.605368232727050781e+01 7.434709668159484863e-01
5.174674606323242188e+01 -3.898479843139648438e+01 1.372843360900878906e+01 9.149299860000610352e-01
4.913044738769531250e+01 -4.397187805175781250e+01 1.538777160644531250e+01 8.644841909408569336e-01
6.270001220703125000e+01 -3.855052185058593750e+01 1.824832916259765625e+01 9.744375348091125488e-01
4.600179290771484375e+01 -4.521864318847656250e+01 1.422699928283691406e+01 4.444989860057830811e-01
5.772353744506835938e+01 -4.025020980834960938e+01 2.080515289306640625e+01 9.502266049385070801e-01
5.178126907348632812e+01 -3.894681549072265625e+01 1.372426795959472656e+01 9.174721837043762207e-01
5.598001861572265625e+01 -4.122569274902343750e+01 2.066365814208984375e+01 9.054808020591735840e-01
5.669616699218750000e+01 -4.067567062377929688e+01 2.100242042541503906e+01 9.318671226501464844e-01
4.733580017089843750e+01 -4.459492111206054688e+01 1.470205020904541016e+01 5.789953470230102539e-01
4.794945907592773438e+01 -4.434922409057617188e+01 1.493871974945068359e+01 7.232672572135925293e-01
5.174658203125000000e+01 -3.901651763916015625e+01 1.372811698913574219e+01 9.256641268730163574e-01
5.184693908691406250e+01 -3.896732711791992188e+01 1.369460391998291016e+01 9.444274902343750000e-01
5.010385894775390625e+01 -4.369705200195312500e+01 1.585290527343750000e+01 8.804116249084472656e-01
-1.787974166870117188e+01 -4.037242889404296875e+01 3.955947494506835938e+01 9.616193175315856934e-01
-1.913083076477050781e+01 -4.027024078369140625e+01 3.880539703369140625e+01 9.708029031753540039e-01
-1.396462154388427734e+01 -4.154431533813476562e+01 4.241266632080078125e+01 9.635061025619506836e-01
9.943231582641601562e+00 -3.258591461181640625e+01 6.015327835083007812e+01 9.736018180847167969e-01
1.169395732879638672e+01 -3.265180969238281250e+01 6.123502731323242188e+01 9.727396368980407715e-01
-1.623296546936035156e+01 -4.657701110839843750e+01 4.060562133789062500e+01 9.683966040611267090e-01
-4.536405086517333984e+00 -3.775023269653320312e+01 4.836679840087890625e+01 9.328027963638305664e-01
-1.877349281311035156e+01 -4.032455444335937500e+01 3.913669967651367188e+01 9.790182113647460938e-01
-1.327099418640136719e+01 -4.148777008056640625e+01 4.266311264038085938e+01 9.616625308990478516e-01
-6.748163700103759766e-01 -3.523959350585937500e+01 5.367518615722656250e+01 9.519966244697570801e-01
1.214517402648925781e+01 -3.263946914672851562e+01 6.152305603027343750e+01 9.742452502250671387e-01
-8.156431198120117188e+00 -3.776113128662109375e+01 3.154178619384765625e+01 9.401060938835144043e-01
-1.245136356353759766e+01 -4.136441421508789062e+01 4.296724319458007812e+01 9.529627561569213867e-01
-9.209736824035644531e+00 -4.016191864013671875e+01 4.450429153442382812e+01 9.564909934997558594e-01
-1.883357810974121094e+01 -4.962225341796875000e+01 3.910453796386718750e+01 9.762344360351562500e-01
-1.767851066589355469e+01 -3.971154403686523438e+01 3.480754470825195312e+01 9.839189052581787109e-01
-1.565557384490966797e+01 -4.231494140625000000e+01 4.189117431640625000e+01 9.836878776550292969e-01
6.734446525573730469e+00 -3.260969924926757812e+01 5.864418411254882812e+01 9.710158705711364746e-01
-2.162477111816406250e+01 -4.022443771362304688e+01 3.793242263793945312e+01 9.877812862396240234e-01
6.206511974334716797e+00 -3.268690490722656250e+01 5.841161346435546875e+01 9.455152750015258789e-01
-1.637014770507812500e+01 -5.481654357910156250e+01 -3.698629379272460938e+01 9.238281250000000000e-01
-1.605033111572265625e+01 -5.604788589477539062e+01 -3.637342453002929688e+01 9.077829718589782715e-01
-1.781214523315429688e+01 -5.596484375000000000e+01 -2.743273544311523438e+01 9.174566268920898438e-01
-6.982932090759277344e+00 -5.956330490112304688e+01 -3.269612503051757812e+01 9.129825830459594727e-01
-7.698697566986083984e+00 -5.933379364013671875e+01 -3.430299377441406250e+01 9.307353496551513672e-01
-8.902262687683105469e+00 -5.018123245239257812e+01 -3.567576599121093750e+01 9.446750879287719727e-01
-1.545084190368652344e+01 -5.055121994018554688e+01 -3.922695159912109375e+01 9.385957121849060059e-01
-1.583924388885498047e+01 -5.397925186157226562e+01 -3.772502899169921875e+01 9.306594729423522949e-01
-1.495724201202392578e+01 -4.855389785766601562e+01 -3.947348403930664062e+01 9.472889304161071777e-01
-7.752393245697021484e+00 -5.930684280395507812e+01 -3.439769744873046875e+01 9.292354583740234375e-01
-1.663683319091796875e+01 -5.577083587646484375e+01 -3.613446044921875000e+01 9.178223609924316406e-01
-7.676188945770263672e+00 -5.934424591064453125e+01 -3.425803375244140625e+01 9.192905426025390625e-01
-1.514561557769775391e+01 -4.954822540283203125e+01 -3.942136764526367188e+01 9.463282823562622070e-01
-1.548487091064453125e+01 -5.084719085693359375e+01 -3.914955902099609375e+01 9.418167471885681152e-01
-7.962500572204589844e+00 -5.919373321533203125e+01 -3.475733566284179688e+01 9.251358509063720703e-01
-8.551162719726562500e+00 -5.883148193359375000e+01 -3.555430221557617188e+01 9.207946658134460449e-01
-7.956166267395019531e+00 -5.919625091552734375e+01 -3.475055313110351562e+01 9.316172599792480469e-01
-1.151444149017333984e+01 -4.835561752319335938e+01 -3.698282623291015625e+01 9.494200944900512695e-01
-1.502420425415039062e+01 -4.918120193481445312e+01 -3.943258666992187500e+01 9.480717182159423828e-01
-8.684160232543945312e+00 -5.034650421142578125e+01 -3.558124160766601562e+01 9.437246322631835938e-01
5.857011032104492188e+01 1.147555255889892578e+01 3.588314056396484375e+01 1.722299456596374512e-01
1.596073818206787109e+01 -1.886527252197265625e+01 5.433622741699218750e+01 7.248300313949584961e-01
1.836915779113769531e+01 -1.810597801208496094e+01 5.477946090698242188e+01 5.311489105224609375e-01
3.102593994140625000e+01 7.161014556884765625e+00 6.323739242553710938e+01 9.026201963424682617e-01
2.851230049133300781e+01 -5.231209993362426758e-01 6.210379409790039062e+01 7.380741238594055176e-01
3.101432037353515625e+01 6.979944705963134766e+00 6.313097763061523438e+01 9.007285833358764648e-01
1.563869094848632812e+01 -1.878427696228027344e+01 5.412825012207031250e+01 6.914888620376586914e-01
2.243328857421875000e+01 -1.231847953796386719e+01 6.203277206420898438e+01 7.127463221549987793e-01
1.608571624755859375e+01 -1.898256492614746094e+01 5.447666168212890625e+01 7.514815926551818848e-01
3.095343399047851562e+01 6.444620609283447266e+00 6.262725830078125000e+01 6.465167999267578125e-01
2.287235641479492188e+01 -1.119833469390869141e+01 6.235109329223632812e+01 7.173714637756347656e-01
3.139773368835449219e+01 -1.128073120117187500e+01 4.593918991088867188e+01 2.362500429153442383e-01
2.452503013610839844e+01 -7.236796379089355469e+00 6.309077453613281250e+01 7.268365621566772461e-01
3.106620979309082031e+01 8.121571540832519531e+00 6.388655853271484375e+01 9.330854415893554688e-01
3.099599838256835938e+01 7.503633975982666016e+00 6.352851104736328125e+01 9.141338467597961426e-01
3.095192527770996094e+01 7.559888362884521484e+00 6.355294036865234375e+01 7.303562760353088379e-01
2.122800254821777344e+01 -1.552854728698730469e+01 6.137480926513671875e+01 7.310011982917785645e-01
1.551849842071533203e+01 -1.914399528503417969e+01 5.437621688842773438e+01 7.082951068878173828e-01
1.542007446289062500e+01 -1.870107841491699219e+01 5.395028305053710938e+01 6.710500121116638184e-01
3.100247192382812500e+01 7.825364589691162109e+00 6.373033523559570312e+01 7.262161374092102051e-01
-3.087833642959594727e+00 7.435929870605468750e+01 1.213286304473876953e+01 8.720809817314147949e-01
-3.135074615478515625e+00 7.439389038085937500e+01 1.206852722167968750e+01 8.730335831642150879e-01
-1.916668295860290527e+00 7.286946105957031250e+01 1.415756416320800781e+01 8.441962003707885742e-01
1.078096008300781250e+01 6.525435638427734375e+01 2.582146835327148438e+01 7.933709025382995605e-01
1.005476093292236328e+01 6.228987121582031250e+01 2.388456535339355469e+01 4.715663492679595947e-01
-2.011129617691040039e+00 7.296263885498046875e+01 1.401237392425537109e+01 8.078191280364990234e-01
9.343377113342285156e+00 6.469535064697265625e+01 -2.678756475448608398e+00 3.329791426658630371e-01
1.541961908340454102e+00 6.926230621337890625e+01 1.828218269348144531e+01 8.285933732986450195e-01
1.410584926605224609e+00 6.257562637329101562e+01 1.311871528625488281e+01 4.753912687301635742e-01
2.366624772548675537e-01 6.113818740844726562e+01 5.115956306457519531e+00 6.508430242538452148e-01
-8.825301170349121094e+00 6.880931091308593750e+01 1.292275905609130859e+01 8.458679914474487305e-01
1.420376968383789062e+01 6.354881668090820312e+01 2.796487236022949219e+01 8.126503229141235352e-01
-7.127377986907958984e-01 7.152243041992187500e+01 1.568007755279541016e+01 8.297161459922790527e-01
-5.530441761016845703e+00 6.333351135253906250e+01 6.941719532012939453e+00 8.116681575775146484e-01
-5.130999088287353516e+00 6.482848358154296875e+01 1.089773178100585938e+01 7.039421796798706055e-01
5.177277565002441406e+00 6.710527038574218750e+01 2.167976951599121094e+01 5.559697151184082031e-01
-7.206924915313720703e+00 6.528723907470703125e+01 9.650998115539550781e+00 7.935459017753601074e-01
-1.385480165481567383e-01 7.102250671386718750e+01 1.625587654113769531e+01 8.592627048492431641e-01
-3.837728261947631836e+00 7.349868011474609375e+01 1.298573875427246094e+01 9.019160270690917969e-01
2.813164710998535156e+00 6.836032104492187500e+01 1.958309364318847656e+01 8.307732343673706055e-01
-5.809078216552734375e+01 -3.547704458236694336e+00 -7.765815258026123047e+00 9.838181138038635254e-01
-4.713673782348632812e+01 -2.351532745361328125e+01 3.633212804794311523e+00 9.860582947731018066e-01
-6.267245864868164062e+01 2.966351985931396484e+00 -1.524551200866699219e+01 9.901939034461975098e-01
-6.286035537719726562e+01 3.438963174819946289e+00 -1.548211860656738281e+01 9.891026020050048828e-01
-5.971756362915039062e+01 3.472143650054931641e+00 -1.010529899597167969e+01 9.909930825233459473e-01
-4.535331344604492188e+01 -2.472582435607910156e+01 7.549753189086914062e+00 9.920812845230102539e-01
-4.570755386352539062e+01 -2.270260238647460938e+01 5.829369544982910156e+00 9.802135825157165527e-01
-4.634531021118164062e+01 -2.294135093688964844e+01 4.742264270782470703e+00 9.833441376686096191e-01
-6.003009796142578125e+01 3.563826799392700195e+00 -1.061513233184814453e+01 9.903861284255981445e-01
-5.920061111450195312e+01 1.072712779045104980e+00 -9.876715660095214844e+00 9.907923936843872070e-01
-6.270140457153320312e+01 3.032169342041015625e+00 -1.527414321899414062e+01 9.899795055389404297e-01
-5.847755432128906250e+01 -1.380615139007568359e+01 -3.729111909866333008e+00 9.906550049781799316e-01
-5.933385848999023438e+01 9.938048124313354492e-01 -1.014237022399902344e+01 9.907923936843872070e-01
-4.960177230834960938e+01 -2.391924285888671875e+01 1.546495199203491211e+00 9.912363290786743164e-01
-4.724785995483398438e+01 -2.903606033325195312e+01 3.156611919403076172e-01 9.913295507431030273e-01
-6.422838592529296875e+01 7.131558895111083984e+00 -1.710850334167480469e+01 9.900001883506774902e-01
-6.437395477294921875e+01 7.691561698913574219e+00 -1.729715728759765625e+01 9.905485510826110840e-01
-4.829564285278320312e+01 -1.457134628295898438e+01 -4.054291725158691406e+00 9.608087539672851562e-01
-6.274777603149414062e+01 3.152046680450439453e+00 -1.534279823303222656e+01 9.895379543304443359e-01
-5.933012008666992188e+01 2.738512158393859863e-01 -1.012913894653320312e+01 9.906646013259887695e-01
4.654705810546875000e+01 -4.490977859497070312e+01 1.447042274475097656e+01 6.456407904624938965e-01
2.459768295288085938e+01 -5.945562744140625000e+01 -5.150052547454833984e+00 9.272040724754333496e-01
4.146446609497070312e+01 -5.128492736816406250e+01 9.038517951965332031e+00 4.272109270095825195e-01
3.307983779907226562e+01 -5.815466308593750000e+01 1.077661633491516113e+00 6.327783465385437012e-01
2.004291152954101562e+01 -5.353305435180664062e+01 1.848931312561035156e+00 5.965921878814697266e-01
2.609179878234863281e+01 -5.902972030639648438e+01 -3.693383693695068359e+00 8.321038484573364258e-01
2.710844039916992188e+01 -6.591018676757812500e+01 3.671629726886749268e-01 9.339959621429443359e-01
2.525895690917968750e+01 -5.924979782104492188e+01 -4.507626056671142578e+00 8.815690279006958008e-01
2.649149703979492188e+01 -5.897535705566406250e+01 -3.358272075653076172e+00 8.204259872436523438e-01
2.005355262756347656e+01 -5.342529678344726562e+01 2.103931188583374023e+00 6.110321879386901855e-01
3.045335006713867188e+01 -5.862974929809570312e+01 -5.199468135833740234e-01 6.970976591110229492e-01
2.826590347290039062e+01 -5.866181945800781250e+01 -1.865045070648193359e+00 7.324123382568359375e-01
2.993204116821289062e+01 -5.846414184570312500e+01 -6.920033097267150879e-01 6.278827786445617676e-01
2.729796981811523438e+01 -4.821391296386718750e+01 1.106961441040039062e+01 4.073759019374847412e-01
2.715336227416992188e+01 -6.589431762695312500e+01 3.766777813434600830e-01 9.471403360366821289e-01
3.763246917724609375e+01 -5.588029861450195312e+01 4.303551197052001953e+00 5.721964240074157715e-01
2.775464630126953125e+01 -6.567717742919921875e+01 3.525538146495819092e-01 9.356456995010375977e-01
2.018887329101562500e+01 -5.318138504028320312e+01 2.683076858520507812e+00 5.323966145515441895e-01
2.678231811523437500e+01 -6.600160217285156250e+01 3.572996258735656738e-01 9.512946009635925293e-01
2.737764739990234375e+01 -6.582743835449218750e+01 3.707655668258666992e-01 9.408527016639709473e-01
2.266248512268066406e+01 5.040841293334960938e+01 4.323073196411132812e+01 9.521033167839050293e-01
2.129162979125976562e+01 5.225365066528320312e+01 4.170789337158203125e+01 9.697805047035217285e-01
2.926626586914062500e+01 3.064455604553222656e+01 5.262952041625976562e+01 8.923811912536621094e-01
2.211886405944824219e+01 5.098523712158203125e+01 4.285779190063476562e+01 9.454928040504455566e-01
2.892353439331054688e+01 3.905870437622070312e+01 4.904569625854492188e+01 9.162756204605102539e-01
2.874303817749023438e+01 4.603215026855468750e+01 4.582279586791992188e+01 9.304002523422241211e-01
3.042177200317382812e+01 2.212059593200683594e+01 5.668996429443359375e+01 9.358449578285217285e-01
2.817786407470703125e+01 5.398384857177734375e+01 4.714173889160156250e+01 9.713866114616394043e-01
3.201465988159179688e+01 2.045635604858398438e+01 6.221568298339843750e+01 9.448550343513488770e-01
2.710082626342773438e+01 4.783636474609375000e+01 4.554830932617187500e+01 9.244102835655212402e-01
3.004234695434570312e+01 2.794853973388671875e+01 5.253208541870117188e+01 8.962649703025817871e-01
3.061666107177734375e+01 2.098986816406250000e+01 6.003552627563476562e+01 9.418214559555053711e-01
2.802613449096679688e+01 3.597143173217773438e+01 5.247020721435546875e+01 8.779891133308410645e-01
2.811096191406250000e+01 5.467059326171875000e+01 4.644506454467773438e+01 9.641175270080566406e-01
2.141562843322753906e+01 5.196358871459960938e+01 4.201839828491210938e+01 9.699469208717346191e-01
2.148294830322265625e+01 5.183781433105468750e+01 4.215924835205078125e+01 9.679332375526428223e-01
2.832520675659179688e+01 4.668995285034179688e+01 4.625494003295898438e+01 9.138095378875732422e-01
2.942778015136718750e+01 4.472950744628906250e+01 4.513761138916015625e+01 9.031625390052795410e-01
3.335070800781250000e+01 4.812935256958007812e+01 2.861878967285156250e+01 8.704699873924255371e-01
2.815806579589843750e+01 5.407752227783203125e+01 4.705760574340820312e+01 9.716081023216247559e-01
1.737919235229492188e+01 -6.538616943359375000e+01 -4.014661312103271484e+00 9.241143465042114258e-01
2.106831550598144531e+01 -5.961887359619140625e+01 -7.423938274383544922e+00 9.403903484344482422e-01
2.131153678894042969e+01 -5.972506713867187500e+01 -7.387112140655517578e+00 9.449182152748107910e-01
1.796755790710449219e+00 -5.823860549926757812e+01 7.486792087554931641e+00 4.600673615932464600e-01
1.992838096618652344e+01 -6.590474700927734375e+01 -2.008752971887588501e-01 9.590196013450622559e-01
1.780575942993164062e+01 -5.775185394287109375e+01 -7.297062397003173828e+00 8.940663337707519531e-01
1.882389831542968750e+01 -6.574357604980468750e+01 -8.525723218917846680e-01 9.394730329513549805e-01
2.174571037292480469e+01 -5.980592727661132812e+01 -7.251309871673583984e+00 9.557784199714660645e-01
1.618865203857421875e+01 -5.645876312255859375e+01 -6.389233112335205078e+00 8.931314945220947266e-01
2.046063613891601562e+01 -5.920696258544921875e+01 -7.407892704010009766e+00 9.375073909759521484e-01
1.732032585144042969e+01 -5.740311050415039062e+01 -7.124969005584716797e+00 8.770616650581359863e-01
1.896202850341796875e+01 -6.578183746337890625e+01 -4.573801159858703613e-01 9.602100253105163574e-01
1.933996582031250000e+01 -6.582849884033203125e+01 -3.682215809822082520e-01 9.543563127517700195e-01
2.073587799072265625e+01 -6.597283172607421875e+01 -8.891855925321578979e-02 9.588631987571716309e-01
1.700412940979003906e+01 -6.493148040771484375e+01 -6.077248573303222656e+00 9.175441861152648926e-01
1.692884826660156250e+01 -6.476888275146484375e+01 -6.527050971984863281e+00 9.061678647994995117e-01
1.616020965576171875e+01 -5.647769927978515625e+01 -6.439979553222656250e+00 8.876413106918334961e-01
1.724847030639648438e+01 -6.465800476074218750e+01 -6.546275615692138672e+00 9.056785106658935547e-01
2.139379692077636719e+01 -5.972542190551757812e+01 -7.348522186279296875e+00 9.421924352645874023e-01
1.639928817749023438e+01 -6.478867340087890625e+01 -6.865261554718017578e+00 9.216170310974121094e-01
5.488572692871093750e+01 -3.718805313110351562e+01 1.280450534820556641e+01 9.622492790222167969e-01
6.413809204101562500e+01 -3.530821228027343750e+01 1.690121650695800781e+01 9.702063798904418945e-01
6.372059631347656250e+01 -3.726050949096679688e+01 1.755116081237792969e+01 9.782341122627258301e-01
6.046044540405273438e+01 -3.248500442504882812e+01 1.452757263183593750e+01 9.360028505325317383e-01
5.569093322753906250e+01 -3.682717132568359375e+01 1.256253814697265625e+01 9.596220254898071289e-01
5.717254638671875000e+01 -3.611221313476562500e+01 1.216908740997314453e+01 9.560743570327758789e-01
6.436341857910156250e+01 -2.215234184265136719e+01 1.618136787414550781e+01 7.884524464607238770e-01
6.358578872680664062e+01 -3.753105545043945312e+01 1.766591835021972656e+01 9.794467687606811523e-01
5.482859039306640625e+01 -4.211660003662109375e+01 1.946259498596191406e+01 9.671062231063842773e-01
6.193648529052734375e+01 -3.109634780883789062e+01 1.555486392974853516e+01 8.718286752700805664e-01
5.695512008666992188e+01 -3.624359893798828125e+01 1.219360542297363281e+01 9.605942964553833008e-01
6.229295730590820312e+01 -3.072372627258300781e+01 1.555664825439453125e+01 8.409159183502197266e-01
4.863623809814453125e+01 -3.065385627746582031e+01 2.398032188415527344e+01 5.756953358650207520e-01
6.399405288696289062e+01 -3.385279464721679688e+01 1.638827705383300781e+01 9.486433863639831543e-01
6.281074523925781250e+01 -2.854981231689453125e+01 1.582107925415039062e+01 6.815679073333740234e-01
6.074243164062500000e+01 -3.210548400878906250e+01 1.497993373870849609e+01 9.373362064361572266e-01
6.214983749389648438e+01 -3.087916374206542969e+01 1.551698207855224609e+01 7.880192399024963379e-01
6.940287017822265625e+01 -1.259093761444091797e+01 1.525469493865966797e+01 6.396170258522033691e-01
7.127570343017578125e+01 -6.092033386230468750e+00 1.508382225036621094e+01 7.655120491981506348e-01
6.397265625000000000e+01 -3.666019058227539062e+01 1.730727958679199219e+01 9.761699438095092773e-01
-2.029391860961914062e+01 -1.046047496795654297e+01 -5.318801498413085938e+01 9.628613591194152832e-01
-2.658103179931640625e+01 -1.570307064056396484e+01 -6.241113281250000000e+01 9.675169587135314941e-01
-2.170180320739746094e+01 -3.464766502380371094e+00 -5.963089370727539062e+01 9.284476637840270996e-01
-2.153396034240722656e+01 1.869147717952728271e-01 -5.700501632690429688e+01 9.184222221374511719e-01
-2.651366806030273438e+01 -1.001797771453857422e+01 -6.201228332519531250e+01 9.569132924079895020e-01
-2.074777412414550781e+01 -8.197149276733398438e+00 -5.221908950805664062e+01 9.595158696174621582e-01
-2.186250877380371094e+01 -4.242504119873046875e+00 -6.025852584838867188e+01 9.245564341545104980e-01
-2.058712959289550781e+01 -8.986869812011718750e+00 -5.247858047485351562e+01 9.538882970809936523e-01
-2.021901130676269531e+01 -1.247035121917724609e+01 -5.315909957885742188e+01 9.318621158599853516e-01
-2.655350685119628906e+01 -9.947208404541015625e+00 -6.196888351440429688e+01 9.611774682998657227e-01
-2.364595603942871094e+01 1.254550099372863770e+00 -5.230590057373046875e+01 7.721788287162780762e-01
-2.039754486083984375e+01 -1.355992412567138672e+01 -5.993876647949218750e+01 9.677681922912597656e-01
-2.155047798156738281e+01 -2.537444114685058594e+00 -5.772798156738281250e+01 9.265769720077514648e-01
-2.481374359130859375e+01 -1.035775947570800781e+01 -6.254146194458007812e+01 9.530336856842041016e-01
-2.346512031555175781e+01 -1.423262310028076172e+01 -6.250410079956054688e+01 9.591176509857177734e-01
-2.638444900512695312e+01 -1.692132568359375000e+01 -6.227305221557617188e+01 9.737135171890258789e-01
-2.043308830261230469e+01 -1.352086353302001953e+01 -6.005186843872070312e+01 9.611060023307800293e-01
-2.213794326782226562e+01 -1.004571914672851562e+01 -6.177067947387695312e+01 9.504736661911010742e-01
-2.127870941162109375e+01 -5.518037796020507812e+00 -5.189640045166015625e+01 9.540520906448364258e-01
-2.349535369873046875e+01 -8.067011833190917969e+00 -6.205621337890625000e+01 9.548919200897216797e-01
-2.208274841308593750e+01 -2.122009277343750000e+01 -6.043429183959960938e+01 9.548354744911193848e-01
-1.508213424682617188e+01 -4.752622985839843750e+01 -3.964518356323242188e+01 9.550502896308898926e-01
-1.457646751403808594e+01 -3.871350479125976562e+01 -3.541722869873046875e+01 9.100466370582580566e-01
-1.832962036132812500e+01 -2.855771827697753906e+01 -5.464275741577148438e+01 8.950065374374389648e-01
-1.294792652130126953e+01 -4.193743515014648438e+01 -3.473539352416992188e+01 9.247177839279174805e-01
-1.233916568756103516e+01 -4.488444137573242188e+01 -3.593310165405273438e+01 9.403790235519409180e-01
-2.206329727172851562e+01 -2.123636436462402344e+01 -6.041585159301757812e+01 9.674683213233947754e-01
-1.577890110015869141e+01 -4.507373428344726562e+01 -4.057481384277343750e+01 9.339568614959716797e-01
-1.653779411315917969e+01 -4.216640090942382812e+01 -4.246316909790039062e+01 8.998485803604125977e-01
-2.202990722656250000e+01 -2.127667236328125000e+01 -6.038861846923828125e+01 9.663287401199340820e-01
-1.488750839233398438e+01 -4.731414794921875000e+01 -3.951509094238281250e+01 9.532060623168945312e-01
-1.332087707519531250e+01 -4.254407119750976562e+01 -3.586614227294921875e+01 9.362631440162658691e-01
-1.232985496520996094e+01 -4.395866775512695312e+01 -3.520228195190429688e+01 9.358752369880676270e-01
-1.403047561645507812e+01 -3.937391662597656250e+01 -3.470317840576171875e+01 9.272688627243041992e-01
-1.198531246185302734e+01 -4.442624282836914062e+01 -3.500357818603515625e+01 9.390321373939514160e-01
-1.575405597686767578e+01 -4.517878723144531250e+01 -4.051905059814453125e+01 9.352847337722778320e-01
-1.526782894134521484e+01 -4.696161651611328125e+01 -3.983402633666992188e+01 9.499306678771972656e-01
-1.749971199035644531e+01 -3.836728668212890625e+01 -4.701800155639648438e+01 8.577318191528320312e-01
-2.074906539916992188e+01 -2.320244407653808594e+01 -5.896732330322265625e+01 9.341229200363159180e-01
-1.126917171478271484e+01 -4.503302383422851562e+01 -3.438419723510742188e+01 9.361966252326965332e-01
-3.172023010253906250e+01 6.087324523925781250e+01 -4.665164947509765625e+00 9.357786178588867188e-01
-4.221953964233398438e+01 5.186103820800781250e+01 -1.669706344604492188e+01 9.863656759262084961e-01
-3.847992706298828125e+01 5.217639541625976562e+01 -9.456645965576171875e+00 9.653717875480651855e-01
-2.482538604736328125e+01 6.382683181762695312e+01 -3.946594476699829102e+00 8.817830681800842285e-01
-3.808988571166992188e+01 5.956797409057617188e+01 -1.186975383758544922e+01 9.750417470932006836e-01
-1.410818099975585938e+01 6.785279083251953125e+01 3.815837621688842773e+00 9.418226480484008789e-01
-3.868405151367187500e+01 5.352732467651367188e+01 -8.421749114990234375e+00 9.727095365524291992e-01
-4.150453567504882812e+01 5.341254425048828125e+01 -1.696938514709472656e+01 9.847753643989562988e-01
-4.316655731201171875e+01 4.758438110351562500e+01 -1.624148750305175781e+01 9.881943464279174805e-01
-4.171472549438476562e+01 4.998394393920898438e+01 -9.510162353515625000e+00 9.817401170730590820e-01
-4.316127014160156250e+01 4.701725769042968750e+01 -1.028757572174072266e+01 9.866418838500976562e-01
-3.855429458618164062e+01 5.327428054809570312e+01 -8.631669998168945312e+00 9.637346863746643066e-01
-3.169323921203613281e+01 5.182854843139648438e+01 -1.256781387329101562e+01 9.225839972496032715e-01
-3.924752044677734375e+01 5.708570480346679688e+01 -1.596947288513183594e+01 9.754145741462707520e-01
-3.687322616577148438e+01 5.576132583618164062e+01 -7.474897384643554688e+00 9.452392458915710449e-01
-4.307057952880859375e+01 4.726149749755859375e+01 -1.022338676452636719e+01 9.830165505409240723e-01
-3.747786712646484375e+01 6.001236724853515625e+01 -9.754430770874023438e+00 9.484810233116149902e-01
-4.097779083251953125e+01 5.427451705932617188e+01 -1.702077865600585938e+01 9.830800294876098633e-01
-3.931410980224609375e+01 5.713496017456054688e+01 -1.583514308929443359e+01 9.788122773170471191e-01
-4.244606781005859375e+01 5.136572265625000000e+01 -1.665699768066406250e+01 9.878671169281005859e-01
-5.777962493896484375e+01 -1.789214134216308594e+01 -1.108054757118225098e+00 9.901912212371826172e-01
-4.550096130371093750e+01 -2.431101989746093750e+01 7.336505413055419922e+00 9.923082590103149414e-01
-5.678264617919921875e+01 -2.430134773254394531e+01 6.690870761871337891e+00 9.930146932601928711e-01
-5.954509735107421875e+01 -7.688582897186279297e+00 -7.656857490539550781e+00 9.875211715698242188e-01
-5.736588287353515625e+01 -2.153523826599121094e+01 3.581010341644287109e+00 9.918124675750732422e-01
-5.854821014404296875e+01 -2.044407463073730469e+01 1.181862592697143555e+00 9.919031262397766113e-01
-4.751709365844726562e+01 -2.841350364685058594e+01 9.523814320564270020e-01 9.931520223617553711e-01
-6.081238555908203125e+01 -2.500303840637207031e+01 1.987101078033447266e+00 9.915858507156372070e-01
-5.038008880615234375e+01 -2.380790138244628906e+01 4.089193344116210938e+00 9.934318661689758301e-01
-6.071529006958007812e+01 -2.410834550857543945e+00 -1.301314926147460938e+01 9.898608922958374023e-01
-5.581899642944335938e+01 -2.469030570983886719e+01 7.426321506500244141e+00 9.932271838188171387e-01
-6.033015060424804688e+01 -2.345479393005371094e+01 1.892099857330322266e+00 9.915580749511718750e-01
-5.886397552490234375e+01 -5.226312160491943359e+00 -8.041896820068359375e+00 9.881355762481689453e-01
-6.084816741943359375e+01 -2.536172103881835938e+01 2.022794246673583984e+00 9.915673136711120605e-01
-5.824671173095703125e+01 -2.192274856567382812e+01 3.690753936767578125e+00 9.925937056541442871e-01
-6.081116867065429688e+01 -2.510984420776367188e+01 1.972537875175476074e+00 9.909877181053161621e-01
-5.795753097534179688e+01 -1.623739242553710938e+01 -2.265477418899536133e+00 9.888800382614135742e-01
-6.084454345703125000e+01 -2.529776382446289062e+01 2.013199329376220703e+00 9.914534091949462891e-01
-5.461570358276367188e+01 -2.170345497131347656e+01 3.145785808563232422e+00 9.935298562049865723e-01
-6.144623565673828125e+01 -3.690659403800964355e-01 -1.413712692260742188e+01 9.886028766632080078e-01
1.859329986572265625e+01 5.542709350585937500e+01 2.836150360107421875e+01 6.241245269775390625e-01
2.186091041564941406e+01 6.282028198242187500e+01 3.209368896484375000e+01 8.387863039970397949e-01
2.009897041320800781e+01 5.531087875366210938e+01 3.717961120605468750e+01 9.455230832099914551e-01
2.492470741271972656e+01 6.012948608398437500e+01 3.658772659301757812e+01 9.561823606491088867e-01
2.401116752624511719e+01 6.093840026855468750e+01 3.505497741699218750e+01 9.427230358123779297e-01
2.324716758728027344e+01 6.177570343017578125e+01 3.361081695556640625e+01 8.759256005287170410e-01
2.492064476013183594e+01 6.012249374389648438e+01 3.660301971435546875e+01 9.590727090835571289e-01
2.119995498657226562e+01 5.425090789794921875e+01 2.955137062072753906e+01 8.086737394332885742e-01
2.009232902526855469e+01 5.530984115600585938e+01 3.717081451416015625e+01 9.369907379150390625e-01
1.895075225830078125e+01 5.626204681396484375e+01 3.332667922973632812e+01 9.199134707450866699e-01
1.678039550781250000e+01 6.082297897338867188e+01 2.998521995544433594e+01 8.153979778289794922e-01
2.802391052246093750e+01 5.735955429077148438e+01 4.240758132934570312e+01 9.774783849716186523e-01
2.562902069091796875e+01 5.963989639282226562e+01 3.763296890258789062e+01 9.687939882278442383e-01
2.723956489562988281e+01 5.849700927734375000e+01 4.006958770751953125e+01 9.750036597251892090e-01
2.065790176391601562e+01 5.390024566650390625e+01 3.945285797119140625e+01 9.569139480590820312e-01
1.592909336090087891e+01 5.586632537841796875e+01 2.526110267639160156e+01 4.337868690490722656e-01
4.398111343383789062e+01 4.856906890869140625e+01 4.730363368988037109e+00 1.967853605747222900e-01
2.049095344543457031e+01 5.459807586669921875e+01 2.902158927917480469e+01 8.023188710212707520e-01
2.806839942932128906e+01 5.726343154907226562e+01 4.260081863403320312e+01 9.769800901412963867e-01
2.078567504882812500e+01 5.452626037597656250e+01 3.008727645874023438e+01 8.397188186645507812e-01
-4.717292022705078125e+01 -3.138248443603515625e+01 3.212012290954589844e+00 9.859368205070495605e-01
-5.212561416625976562e+01 -2.587638473510742188e+01 1.048011589050292969e+01 9.908288717269897461e-01
-4.506672286987304688e+01 -2.643407821655273438e+01 9.055077552795410156e+00 9.887478351593017578e-01
-4.957658386230468750e+01 -2.697128105163574219e+01 1.291131401062011719e+01 9.871244430541992188e-01
-5.607629776000976562e+01 -2.527283477783203125e+01 7.619107723236083984e+00 9.921297430992126465e-01
-5.575392913818359375e+01 -2.566337394714355469e+01 7.941308975219726562e+00 9.919902682304382324e-01
-5.066336441040039062e+01 -2.851724052429199219e+01 -5.953271389007568359e+00 9.914163947105407715e-01
-4.516960906982421875e+01 -2.583099174499511719e+01 8.539999008178710938e+00 9.913699626922607422e-01
-4.715824127197265625e+01 -2.878777122497558594e+01 -2.346250414848327637e-01 9.882709383964538574e-01
-4.547492599487304688e+01 -2.546872520446777344e+01 8.630126953125000000e+00 9.908040761947631836e-01
-5.544985961914062500e+01 -2.571672439575195312e+01 8.122834205627441406e+00 9.912870526313781738e-01
-4.724068832397460938e+01 -3.070038795471191406e+01 2.377815485000610352e+00 9.866430759429931641e-01
-5.413395690917968750e+01 -2.647045898437500000e+01 9.081707000732421875e+00 9.898743629455566406e-01
-5.558477401733398438e+01 -2.561561012268066406e+01 8.042552947998046875e+00 9.916682243347167969e-01
-4.723104476928710938e+01 -3.139863586425781250e+01 3.183270931243896484e+00 9.867450594902038574e-01
-4.245870590209960938e+01 -3.068432044982910156e+01 9.482557296752929688e+00 9.856458306312561035e-01
-5.536825561523437500e+01 -2.589403152465820312e+01 8.219132423400878906e+00 9.915494918823242188e-01
-4.199253845214843750e+01 -3.134506607055664062e+01 1.008624744415283203e+01 9.817527532577514648e-01
-4.325899887084960938e+01 -2.948405838012695312e+01 9.470446586608886719e+00 9.861190319061279297e-01
-5.559168243408203125e+01 -2.568687820434570312e+01 8.039422035217285156e+00 9.917305111885070801e-01
-6.485134887695312500e+01 9.929728507995605469e+00 -1.779773330688476562e+01 9.869354367256164551e-01
-5.949654006958007812e+01 3.005876541137695312e+00 -9.937273979187011719e+00 9.883263707160949707e-01
-6.126597595214843750e+01 1.582215213775634766e+01 -1.125725650787353516e+01 9.879204034805297852e-01
-6.493592071533203125e+01 1.078432464599609375e+01 -1.793970489501953125e+01 9.878608584403991699e-01
-5.938209533691406250e+01 1.096282577514648438e+01 -9.006886482238769531e+00 9.891595244407653809e-01
-4.878606033325195312e+01 -1.332612752914428711e+00 -1.112251758575439453e+01 9.775105118751525879e-01
-6.493879699707031250e+01 1.155379962921142578e+01 -1.804406166076660156e+01 9.873397350311279297e-01
-5.584260559082031250e+01 1.190723133087158203e+01 -1.041009235382080078e+01 9.834746718406677246e-01
-5.953192901611328125e+01 5.699477195739746094e+00 -9.327974319458007812e+00 9.879379868507385254e-01
-5.966994476318359375e+01 4.112805366516113281e+00 -9.979319572448730469e+00 9.890923500061035156e-01
-5.989394378662109375e+01 1.266972827911376953e+01 -9.339889526367187500e+00 9.887462258338928223e-01
-5.953038024902343750e+01 1.107626628875732422e+01 -8.938437461853027344e+00 9.887836575508117676e-01
-5.931327056884765625e+01 1.161038970947265625e+01 -9.208649635314941406e+00 9.863759875297546387e-01
-4.867798614501953125e+01 -1.152259856462478638e-01 -1.148719406127929688e+01 9.808450937271118164e-01
-5.940217971801757812e+01 3.240060806274414062e+00 -9.740301132202148438e+00 9.849250912666320801e-01
-6.468996429443359375e+01 1.395767593383789062e+01 -1.793163299560546875e+01 9.883937239646911621e-01
-4.928660583496093750e+01 -2.017223596572875977e+00 -1.060190200805664062e+01 9.765276908874511719e-01
-4.824754714965820312e+01 3.612869501113891602e+00 -1.205227088928222656e+01 9.809539318084716797e-01
-5.952294158935546875e+01 6.175088405609130859e+00 -9.141633033752441406e+00 9.885331392288208008e-01
-5.511743164062500000e+01 1.195167899131774902e+00 -1.032607650756835938e+01 9.824222922325134277e-01
-4.161516952514648438e+01 3.947001266479492188e+01 -1.453157520294189453e+01 9.505158066749572754e-01
-4.308341598510742188e+01 4.584396743774414062e+01 -1.560343170166015625e+01 9.822742342948913574e-01
-5.359694671630859375e+01 1.283426952362060547e+01 -1.130906677246093750e+01 9.814604520797729492e-01
-5.155030822753906250e+01 3.482353591918945312e+01 -1.865043449401855469e+01 9.683330059051513672e-01
-4.096105194091796875e+01 4.366878509521484375e+01 -1.365284824371337891e+01 9.628820419311523438e-01
-3.484514236450195312e+01 4.536627578735351562e+01 -1.619960212707519531e+01 9.696115851402282715e-01
-6.336629486083984375e+01 1.728509521484375000e+01 -1.563838005065917969e+01 9.894842505455017090e-01
-6.212049484252929688e+01 1.720658683776855469e+01 -1.340721797943115234e+01 9.881812334060668945e-01
-3.932043075561523438e+01 4.507836532592773438e+01 -1.395089435577392578e+01 9.695904850959777832e-01
-4.399478149414062500e+01 4.321770477294921875e+01 -1.746806907653808594e+01 9.726166129112243652e-01
-5.006543350219726562e+01 6.235479831695556641e+00 -1.938253974914550781e+01 9.725635051727294922e-01
-4.948279190063476562e+01 1.826950263977050781e+01 -1.378879165649414062e+01 9.339637160301208496e-01
-4.276232147216796875e+01 4.237686920166015625e+01 -1.270593929290771484e+01 9.698778390884399414e-01
-5.143036270141601562e+01 1.183645820617675781e+01 -1.122655677795410156e+01 9.744499325752258301e-01
-5.022925949096679688e+01 9.754050254821777344e+00 -1.056230163574218750e+01 9.785962104797363281e-01
-5.982584762573242188e+01 1.566206455230712891e+01 -1.125665950775146484e+01 9.727450609207153320e-01
-5.941340637207031250e+01 2.505962371826171875e+01 -1.627844810485839844e+01 9.780362248420715332e-01
-5.116146087646484375e+01 3.037249565124511719e+01 -1.204782772064208984e+01 9.097489714622497559e-01
-6.142377853393554688e+01 1.981943321228027344e+01 -1.617478370666503906e+01 9.846174716949462891e-01
-6.329196166992187500e+01 1.737958145141601562e+01 -1.660228919982910156e+01 9.888856410980224609e-01
-1.065117645263671875e+01 2.239457702636718750e+01 -6.710028076171875000e+01 7.894173860549926758e-01
-4.162836551666259766e+00 2.685338211059570312e+01 -5.952420425415039062e+01 9.039084911346435547e-01
-6.183836936950683594e+00 2.552630615234375000e+01 -6.017856979370117188e+01 8.653020262718200684e-01
-1.035596942901611328e+01 2.330408477783203125e+01 -6.733739471435546875e+01 8.416777849197387695e-01
-1.068715572357177734e+01 2.672191619873046875e+01 -6.732043457031250000e+01 9.049100875854492188e-01
-1.446444320678710938e+01 1.512727451324462891e+01 -6.337334823608398438e+01 6.880081295967102051e-01
-1.461749267578125000e+01 3.464128112792968750e+01 -5.136942672729492188e+01 8.798298835754394531e-01
-5.132662296295166016e+00 2.608288192749023438e+01 -5.996708679199218750e+01 8.421212434768676758e-01
-1.748050880432128906e+01 8.785302162170410156e+00 -6.139200210571289062e+01 6.872275471687316895e-01
-2.205383300781250000e+01 2.871983718872070312e+01 -4.935688781738281250e+01 4.212763011455535889e-01
-1.041733646392822266e+01 2.417340850830078125e+01 -5.973946762084960938e+01 8.199384212493896484e-01
-2.240748167037963867e+00 2.975153350830078125e+01 -5.740069961547851562e+01 9.043346047401428223e-01
-8.222010612487792969e+00 2.473991775512695312e+01 -6.010462188720703125e+01 7.707501649856567383e-01
-2.199717903137207031e+01 -4.829003334045410156e+00 -6.060216903686523438e+01 8.199599981307983398e-01
-3.329403400421142578e+00 2.777561569213867188e+01 -5.883561706542968750e+01 8.568100929260253906e-01
-1.122831153869628906e+01 2.130150794982910156e+01 -6.596957397460937500e+01 7.396076917648315430e-01
-1.032907199859619141e+01 2.351976776123046875e+01 -6.734428405761718750e+01 8.561799526214599609e-01
-1.175077056884765625e+01 2.051549339294433594e+01 -6.486138153076171875e+01 7.195248603820800781e-01
-5.200675964355468750e+00 2.589144515991210938e+01 -6.061113739013671875e+01 9.172666668891906738e-01
-1.595763587951660156e+01 1.189307880401611328e+01 -6.249047470092773438e+01 5.976654887199401855e-01
3.098985290527343750e+01 5.686113739013671875e+01 -3.956496047973632812e+01 9.107611179351806641e-01
3.100325012207031250e+01 4.852657699584960938e+01 -3.310089492797851562e+01 6.052552461624145508e-01
3.099112701416015625e+01 5.686890029907226562e+01 -3.949879074096679688e+01 9.137353897094726562e-01
4.138723754882812500e+01 4.998654174804687500e+01 -2.890249633789062500e+01 7.564012408256530762e-01
5.806207656860351562e+01 4.798019027709960938e+01 -1.618269348144531250e+01 9.188054203987121582e-01
3.069302749633789062e+01 4.854305267333984375e+01 -3.332457351684570312e+01 6.363214254379272461e-01
5.554512786865234375e+01 4.789340209960937500e+01 -1.750624275207519531e+01 8.369415402412414551e-01
3.708926391601562500e+01 4.965224838256835938e+01 -3.051080703735351562e+01 7.151682376861572266e-01
3.333010101318359375e+01 5.497084808349609375e+01 -3.694542312622070312e+01 8.069351911544799805e-01
3.046582412719726562e+01 5.723570251464843750e+01 -4.013241958618164062e+01 9.154632687568664551e-01
2.865771484375000000e+01 4.872795486450195312e+01 -3.745802688598632812e+01 8.720393776893615723e-01
4.556565856933593750e+01 4.878423309326171875e+01 -2.658488464355468750e+01 4.431820809841156006e-01
3.227183151245117188e+01 5.579460144042968750e+01 -3.833311080932617188e+01 8.627364039421081543e-01
2.897535514831542969e+01 4.865927124023437500e+01 -3.538423538208007812e+01 8.661697506904602051e-01
3.549722671508789062e+01 5.222257995605468750e+01 -3.214216613769531250e+01 8.133357167243957520e-01
5.316044235229492188e+01 4.766844558715820312e+01 -1.907949829101562500e+01 6.969831585884094238e-01
3.376206970214843750e+01 5.463079071044921875e+01 -3.607492828369140625e+01 7.897695302963256836e-01
3.572771072387695312e+01 5.200981521606445312e+01 -3.183747291564941406e+01 7.710531949996948242e-01
3.049641036987304688e+01 4.856387710571289062e+01 -3.347440338134765625e+01 6.263243556022644043e-01
2.880748748779296875e+01 4.868542861938476562e+01 -3.709181213378906250e+01 7.678971886634826660e-01
1.413364505767822266e+01 -6.477998352050781250e+01 -8.529593467712402344e+00 8.616654872894287109e-01
1.054790592193603516e+01 -5.627651596069335938e+01 -8.587523460388183594e+00 7.950471043586730957e-01
-1.135133147239685059e+00 -5.881420898437500000e+01 -2.468065834045410156e+01 6.472862958908081055e-01
5.404229164123535156e+00 -6.249536514282226562e+01 -1.777911758422851562e+01 5.436239242553710938e-01
1.318019390106201172e+01 -6.461803436279296875e+01 -9.442318916320800781e+00 8.280891776084899902e-01
8.011568069458007812e+00 -6.290920639038085938e+01 -1.460293483734130859e+01 6.748315095901489258e-01
1.035654640197753906e+01 -6.343586730957031250e+01 -1.229536151885986328e+01 7.182714939117431641e-01
1.368253421783447266e+01 -6.470944976806640625e+01 -8.949633598327636719e+00 8.476161956787109375e-01
-3.339832305908203125e+00 -5.906257629394531250e+01 -2.704661178588867188e+01 6.866781711578369141e-01
1.055948448181152344e+01 -6.355335235595703125e+01 -1.210105037689208984e+01 7.213469147682189941e-01
-3.081836223602294922e+00 -5.904496002197265625e+01 -2.677558517456054688e+01 6.745429039001464844e-01
3.117322921752929688e+00 -6.141580963134765625e+01 -2.059350776672363281e+01 5.298711061477661133e-01
-9.749222397804260254e-01 -5.931193923950195312e+01 -2.483073043823242188e+01 7.201116681098937988e-01
1.506233119964599609e+01 -5.629736709594726562e+01 -6.748864173889160156e+00 8.621574044227600098e-01
-3.393438577651977539e+00 -5.907011413574218750e+01 -2.711158943176269531e+01 7.628843188285827637e-01
5.790154933929443359e+00 -5.590868377685546875e+01 -9.819376945495605469e+00 7.205935120582580566e-01
1.755481147766113281e+01 -5.760278320312500000e+01 -7.254385948181152344e+00 8.945834040641784668e-01
-5.383818626403808594e+00 -5.921215820312500000e+01 -2.889629554748535156e+01 7.949025034904479980e-01
1.361357688903808594e+01 -6.469728851318359375e+01 -9.016270637512207031e+00 8.329347372055053711e-01
1.430694770812988281e+01 -5.624632263183593750e+01 -7.041471958160400391e+00 8.399250507354736328e-01
6.097870254516601562e+01 4.665092086791992188e+01 -1.334891223907470703e+01 9.863995313644409180e-01
6.266878128051757812e+01 4.550342178344726562e+01 -7.945562362670898438e+00 9.896794557571411133e-01
6.125677108764648438e+01 4.791564178466796875e+01 -1.438513374328613281e+01 9.864906072616577148e-01
6.171150588989257812e+01 3.914975357055664062e+01 -1.255668258666992188e+01 9.854330420494079590e-01
5.639019012451171875e+01 4.836641311645507812e+01 -1.757963752746582031e+01 9.497737884521484375e-01
6.115736007690429688e+01 3.813672637939453125e+01 -1.205486965179443359e+01 9.837154746055603027e-01
5.765677261352539062e+01 3.884205245971679688e+01 -1.431035709381103516e+01 9.840314984321594238e-01
5.688470458984375000e+01 4.444599914550781250e+01 -1.358602523803710938e+01 9.727422595024108887e-01
6.353998565673828125e+01 4.073488616943359375e+01 -1.132423400878906250e+01 9.858586192131042480e-01
6.108856582641601562e+01 4.727078247070312500e+01 -1.388621711730957031e+01 9.871026873588562012e-01
5.640611648559570312e+01 3.940489196777343750e+01 -1.519295883178710938e+01 9.802920222282409668e-01
6.017173004150390625e+01 4.826907348632812500e+01 -1.546034908294677734e+01 9.825283288955688477e-01
4.769512939453125000e+01 4.837268829345703125e+01 -2.484424781799316406e+01 8.966399431228637695e-01
6.188271713256835938e+01 4.603569412231445312e+01 -3.622193813323974609e+00 9.900020360946655273e-01
5.872938156127929688e+01 3.834308624267578125e+01 -1.359409332275390625e+01 9.852978587150573730e-01
6.146900177001953125e+01 4.598796844482421875e+01 -1.233740901947021484e+01 9.879395961761474609e-01
5.326106262207031250e+01 4.803370666503906250e+01 -1.934853935241699219e+01 9.242594242095947266e-01
6.079111480712890625e+01 3.853112030029296875e+01 -1.268911170959472656e+01 9.858437776565551758e-01
6.241761016845703125e+01 4.538609695434570312e+01 -9.693547248840332031e+00 9.890086054801940918e-01
6.202235412597656250e+01 4.464942550659179688e+01 -1.119485664367675781e+01 9.898945689201354980e-01
1.660799407958984375e+01 4.954094696044921875e+01 -4.965123367309570312e+01 7.393247485160827637e-01
2.041850566864013672e+00 3.930451583862304688e+01 -5.732284545898437500e+01 8.757941722869873047e-01
-8.298970222473144531e+00 3.136254692077636719e+01 -6.592559051513671875e+01 9.701124429702758789e-01
1.344437122344970703e+01 4.764681243896484375e+01 -5.116488265991210938e+01 7.318883538246154785e-01
4.493280410766601562e+00 4.171916198730468750e+01 -5.621637725830078125e+01 8.586537837982177734e-01
-4.961555004119873047e+00 3.255545806884765625e+01 -6.505059814453125000e+01 9.647643566131591797e-01
2.018819999694824219e+01 5.228205108642578125e+01 -4.848166275024414062e+01 8.221370577812194824e-01
-4.170244216918945312e+00 3.012384223937988281e+01 -6.607907867431640625e+01 9.674981832504272461e-01
-2.174112573266029358e-02 3.776485061645507812e+01 -5.944795989990234375e+01 9.501487612724304199e-01
-1.061030268669128418e+00 3.224945831298828125e+01 -5.603256988525390625e+01 9.317139983177185059e-01
-1.224722576141357422e+01 3.033944129943847656e+01 -6.634111785888671875e+01 9.640677571296691895e-01
-4.569030284881591797e+00 3.652532577514648438e+01 -5.945597076416015625e+01 9.627419114112854004e-01
-8.200707435607910156e-01 3.211458206176757812e+01 -5.610439682006835938e+01 9.172818064689636230e-01
1.950353240966796875e+01 4.956898117065429688e+01 -4.731063461303710938e+01 8.523415923118591309e-01
-1.219833469390869141e+01 3.021232986450195312e+01 -6.639890289306640625e+01 9.607312679290771484e-01
-1.938120841979980469e+00 3.640448379516601562e+01 -6.086822891235351562e+01 9.252948164939880371e-01
-6.769389629364013672e+00 3.269023513793945312e+01 -6.495002746582031250e+01 9.743770360946655273e-01
-1.284576702117919922e+01 3.163425064086914062e+01 -6.530857849121093750e+01 9.753283262252807617e-01
9.334956169128417969e+00 4.440816116333007812e+01 -5.368032836914062500e+01 8.532278537750244141e-01
-5.712051868438720703e+00 3.445607376098632812e+01 -5.414911270141601562e+01 9.388301372528076172e-01
2.850012016296386719e+01 5.766474914550781250e+01 -4.280712509155273438e+01 9.170289039611816406e-01
2.551268768310546875e+01 5.585975646972656250e+01 -4.617524719238281250e+01 9.488502740859985352e-01
2.929464149475097656e+01 5.746483230590820312e+01 -4.196264648437500000e+01 9.102375507354736328e-01
2.762247276306152344e+01 5.736775207519531250e+01 -4.397243881225585938e+01 9.357044100761413574e-01
2.215090370178222656e+01 4.870402145385742188e+01 -4.028824615478515625e+01 8.769567012786865234e-01
1.812639617919921875e+01 5.074824523925781250e+01 -4.928068161010742188e+01 9.354389905929565430e-01
2.411997795104980469e+01 4.880298995971679688e+01 -3.822885513305664062e+01 8.179731965065002441e-01
2.628128242492675781e+01 5.647694778442382812e+01 -4.554901504516601562e+01 9.587036371231079102e-01
2.389538764953613281e+01 5.595221710205078125e+01 -2.763893318176269531e+01 8.175314068794250488e-01
3.010156440734863281e+01 5.033847427368164062e+01 -4.386705780029296875e+01 9.354911446571350098e-01
2.689490318298339844e+01 5.689445495605468750e+01 -4.492963409423828125e+01 9.264687895774841309e-01
2.275803375244140625e+01 5.433549880981445312e+01 -4.755631256103515625e+01 9.409544467926025391e-01
2.344200515747070312e+01 5.483169555664062500e+01 -4.731493759155273438e+01 9.589000344276428223e-01
2.309758949279785156e+01 4.888407897949218750e+01 -4.234899139404296875e+01 8.768475651741027832e-01
2.315090751647949219e+01 4.880877304077148438e+01 -3.862691497802734375e+01 8.289167881011962891e-01
2.657004356384277344e+01 4.906235885620117188e+01 -4.120194244384765625e+01 8.587377667427062988e-01
2.756946754455566406e+01 5.728754043579101562e+01 -4.413510131835937500e+01 9.192394614219665527e-01
2.856642532348632812e+01 4.911334228515625000e+01 -3.999051284790039062e+01 8.359004855155944824e-01
2.361974906921386719e+01 5.494126510620117188e+01 -4.722626876831054688e+01 9.565588831901550293e-01
3.115716934204101562e+01 5.068205261230468750e+01 -4.367971801757812500e+01 8.824294209480285645e-01
-1.995138740539550781e+01 -4.034866714477539062e+01 3.896989440917968750e+01 9.940820336341857910e-01
-2.949037933349609375e+01 -4.670528793334960938e+01 3.555924224853515625e+01 9.931051135063171387e-01
-2.328952026367187500e+01 -3.997828674316406250e+01 3.621517181396484375e+01 9.877343773841857910e-01
-2.731660079956054688e+01 -4.791184616088867188e+01 3.737369537353515625e+01 9.927620291709899902e-01
-2.306215858459472656e+01 -4.007382202148437500e+01 3.676573181152343750e+01 9.883627295494079590e-01
-1.912341880798339844e+01 -4.035729217529296875e+01 3.922713470458984375e+01 9.936665892601013184e-01
-2.364535331726074219e+01 -4.945361709594726562e+01 3.857230377197265625e+01 9.935261011123657227e-01
-3.304140853881835938e+01 -4.522469711303710938e+01 3.206115722656250000e+01 9.891465902328491211e-01
-3.264952468872070312e+01 -4.535771179199218750e+01 3.243588256835937500e+01 9.878250360488891602e-01
-2.441297912597656250e+01 -3.905354309082031250e+01 3.062396049499511719e+01 9.830766916275024414e-01
-2.340412712097167969e+01 -3.982184219360351562e+01 3.539072799682617188e+01 9.872583746910095215e-01
-2.553058624267578125e+01 -3.932203674316406250e+01 3.216861724853515625e+01 9.833309054374694824e-01
-2.059700775146484375e+01 -4.982254409790039062e+01 3.897608947753906250e+01 9.944085478782653809e-01
-1.941976737976074219e+01 -4.972850036621093750e+01 3.905739974975585938e+01 9.948939085006713867e-01
-2.377165985107421875e+01 -3.938170242309570312e+01 3.283728790283203125e+01 9.856140017509460449e-01
-2.901361083984375000e+01 -4.696259689331054688e+01 3.603287124633789062e+01 9.928194880485534668e-01
-2.745617485046386719e+01 -4.783806991577148438e+01 3.727058792114257812e+01 9.927707314491271973e-01
-2.932738113403320312e+01 -4.679407501220703125e+01 3.572366714477539062e+01 9.928563833236694336e-01
-2.255182266235351562e+01 -4.968508529663085938e+01 3.872792434692382812e+01 9.936982393264770508e-01
-1.921277236938476562e+01 -4.968332672119140625e+01 3.909251403808593750e+01 9.945582151412963867e-01
-6.078181457519531250e+01 -2.618650817871093750e+01 2.094997167587280273e+00 9.918409585952758789e-01
-4.227665710449218750e+01 -3.109763145446777344e+01 1.050779342651367188e+01 9.782917499542236328e-01
-5.229277420043945312e+01 -2.981905937194824219e+01 1.026205253601074219e+01 9.883158206939697266e-01
-4.851940155029296875e+01 -2.887349891662597656e+01 1.431490707397460938e+01 9.840371608734130859e-01
-6.080000686645507812e+01 -2.611428260803222656e+01 2.186764001846313477e+00 9.916149377822875977e-01
-4.925206756591796875e+01 -2.752034187316894531e+01 1.338665294647216797e+01 9.887230396270751953e-01
-5.925440216064453125e+01 -2.396553039550781250e+01 4.563653945922851562e+00 9.917297959327697754e-01
-4.434565353393554688e+01 -2.974206542968750000e+01 1.193154144287109375e+01 9.845172762870788574e-01
-5.290954208374023438e+01 -2.847403144836425781e+01 9.953676223754882812e+00 9.895163178443908691e-01
-3.794208908081054688e+01 -3.950014114379882812e+01 6.503041267395019531e+00 9.600878357887268066e-01
-5.179415893554687500e+01 -2.860987091064453125e+01 1.124957084655761719e+01 9.885784387588500977e-01
-4.938629531860351562e+01 -2.803340721130371094e+01 1.371075534820556641e+01 9.868854284286499023e-01
-5.056583786010742188e+01 -2.696381950378417969e+01 1.249158573150634766e+01 9.893652200698852539e-01
-5.519610977172851562e+01 -2.614792633056640625e+01 8.360454559326171875e+00 9.917117357254028320e-01
-5.296984481811523438e+01 -2.859812736511230469e+01 9.799844741821289062e+00 9.902365803718566895e-01
-5.329727172851562500e+01 -3.338122558593750000e+01 8.688377380371093750e+00 9.904649257659912109e-01
-4.516849136352539062e+01 -2.955021667480468750e+01 1.261012077331542969e+01 9.828452467918395996e-01
-5.459830856323242188e+01 -2.659599494934082031e+01 8.783649444580078125e+00 9.904577732086181641e-01
-5.803701019287109375e+01 -2.418056678771972656e+01 5.884185314178466797e+00 9.917900562286376953e-01
-5.076396942138671875e+01 -2.754238891601562500e+01 1.246545982360839844e+01 9.883304834365844727e-01
-1.061953067779541016e+01 7.072894287109375000e+01 1.051973724365234375e+01 9.025090932846069336e-01
-1.238891696929931641e+01 6.667063140869140625e+01 5.824035644531250000e+00 8.400388956069946289e-01
-7.670944690704345703e+00 6.331372833251953125e+01 5.026790142059326172e+00 8.069280982017517090e-01
-6.838773250579833984e+00 7.374633026123046875e+01 6.059457302093505859e+00 9.159471988677978516e-01
-1.451930141448974609e+01 6.915066528320312500e+01 -7.165086865425109863e-01 8.783698678016662598e-01
-9.684506416320800781e+00 6.875912475585937500e+01 1.187916278839111328e+01 8.439661860466003418e-01
-4.516345977783203125e+00 7.517863464355468750e+01 7.519371509552001953e+00 9.301487803459167480e-01
-8.771511077880859375e+00 7.110088348388671875e+01 3.888758718967437744e-01 9.117276072502136230e-01
-6.256785869598388672e+00 6.287321090698242188e+01 5.077217102050781250e+00 7.856986522674560547e-01
-1.267336845397949219e+01 6.182074356079101562e+01 -8.619686961174011230e-01 6.129615306854248047e-01
-9.468658447265625000e+00 6.797679901123046875e+01 1.134590053558349609e+01 8.160269260406494141e-01
-9.731795310974121094e+00 6.911138916015625000e+01 1.207633781433105469e+01 8.937327861785888672e-01
-2.563736438751220703e+00 6.197246932983398438e+01 -2.715374755859375000e+01 1.819484233856201172e-01
-4.569439888000488281e+00 7.514633941650390625e+01 7.464193820953369141e+00 9.135518670082092285e-01
-1.062493515014648438e+01 7.113504791259765625e+01 2.848371982574462891e+00 9.119029641151428223e-01
-1.196099185943603516e+01 6.466959381103515625e+01 3.874465227127075195e+00 7.411282658576965332e-01
-1.025540161132812500e+01 6.439806365966796875e+01 5.042863368988037109e+00 7.788127660751342773e-01
-1.156455039978027344e+01 6.987357330322265625e+01 8.487217903137207031e+00 9.124544262886047363e-01
-5.109880447387695312e+00 7.475530242919921875e+01 6.922260761260986328e+00 9.166240692138671875e-01
-1.511872577667236328e+01 6.882770538330078125e+01 -2.581094503402709961e+00 8.463107943534851074e-01
